training_exp,epoch,lr,Loss_Epoch,RelativeDistance_Epoch,R2Score_Epoch
0,0,0.002,293.8584,1.3830,-0.1573,0.0,0.0
0,1,0.002,212.7230,3.1702,0.0755,0.0,0.0
0,2,0.002,194.4101,4.0153,0.1851,0.0,0.0
0,3,0.002,177.0556,3.4245,0.1989,0.0,0.0
0,4,0.002,164.2834,3.3691,0.2824,0.0,0.0
0,5,0.002,154.6898,3.6967,0.3028,0.0,0.0
0,6,0.002,146.6598,3.4058,0.3498,0.0,0.0
0,7,0.002,140.8230,3.1923,0.3791,0.0,0.0
0,8,0.002,135.1822,3.2024,0.4109,0.0,0.0
0,9,0.002,130.6818,2.9069,0.4389,0.0,0.0
0,10,0.002,126.4029,2.7732,0.4632,0.0,0.0
0,11,0.002,122.4551,2.6678,0.4850,0.0,0.0
0,12,0.002,118.9169,2.4576,0.5028,0.0,0.0
0,13,0.002,115.0988,2.3256,0.5208,0.0,0.0
0,14,0.002,111.5861,2.1615,0.5365,0.0,0.0
0,15,0.002,108.2014,2.0066,0.5505,0.0,0.0
0,16,0.002,104.9150,1.8617,0.5643,0.0,0.0
0,17,0.002,101.7472,1.7500,0.5778,0.0,0.0
0,18,0.002,98.9613,1.6472,0.5889,0.0,0.0
0,19,0.002,96.1245,1.5849,0.6005,0.0,0.0
0,20,0.002,93.7716,1.5121,0.6109,0.0,0.0
0,21,0.002,91.6831,1.4201,0.6195,0.0,0.0
0,22,0.002,89.2046,1.4234,0.6299,0.0,0.0
0,23,0.002,87.5187,1.3407,0.6370,0.0,0.0
0,24,0.002,86.0009,1.3043,0.6443,0.0,0.0
0,25,0.002,84.1734,1.2977,0.6513,0.0,0.0
0,26,0.002,82.3550,1.2699,0.6589,0.0,0.0
0,27,0.002,80.7217,1.2614,0.6665,0.0,0.0
0,28,0.002,79.5614,1.2103,0.6712,0.0,0.0
0,29,0.002,77.9605,1.2057,0.6774,0.0,0.0
0,30,0.002,75.7424,1.2186,0.6879,0.0,0.0
0,31,0.002,74.8315,1.1675,0.6907,0.0,0.0
0,32,0.002,73.5040,1.1461,0.6973,0.0,0.0
0,33,0.002,71.8454,1.1777,0.7036,0.0,0.0
0,34,0.002,71.4961,1.1116,0.7043,0.0,0.0
0,35,0.002,69.3875,1.1370,0.7141,0.0,0.0
0,36,0.002,68.3983,1.1280,0.7181,0.0,0.0
0,37,0.002,67.4739,1.0846,0.7217,0.0,0.0
0,38,0.002,66.1548,1.0840,0.7283,0.0,0.0
0,39,0.002,65.6054,1.0559,0.7298,0.0,0.0
0,40,0.002,64.3065,1.0520,0.7355,0.0,0.0
0,41,0.002,63.1031,1.0489,0.7404,0.0,0.0
0,42,0.002,62.9228,1.0111,0.7410,0.0,0.0
0,43,0.002,61.1264,1.0732,0.7488,0.0,0.0
0,44,0.002,61.4598,0.9956,0.7468,0.0,0.0
0,45,0.002,60.3617,0.9896,0.7510,0.0,0.0
0,46,0.002,58.6940,1.0188,0.7579,0.0,0.0
0,47,0.002,60.0398,0.9397,0.7516,0.0,0.0
0,48,0.002,57.9238,0.9817,0.7612,0.0,0.0
0,49,0.002,57.4085,0.9768,0.7613,0.0,0.0
0,50,0.002,56.0164,1.0158,0.7684,0.0,0.0
0,51,0.002,56.5885,0.9564,0.7649,0.0,0.0
0,52,0.002,56.0737,0.9484,0.7671,0.0,0.0
0,53,0.002,54.4634,0.9583,0.7742,0.0,0.0
0,54,0.002,54.1358,0.9594,0.7755,0.0,0.0
0,55,0.002,54.0850,0.9356,0.7753,0.0,0.0
0,56,0.002,52.9420,0.9456,0.7799,0.0,0.0
0,57,0.002,52.9947,0.9155,0.7790,0.0,0.0
0,58,0.002,52.8112,0.9140,0.7798,0.0,0.0
0,59,0.002,52.1094,0.9196,0.7825,0.0,0.0
0,60,0.002,51.5269,0.9151,0.7846,0.0,0.0
0,61,0.002,51.6845,0.8963,0.7829,0.0,0.0
0,62,0.002,50.5973,0.9137,0.7883,0.0,0.0
0,63,0.002,50.3682,0.9252,0.7885,0.0,0.0
0,64,0.002,50.1299,0.8946,0.7905,0.0,0.0
0,65,0.002,50.2572,0.8964,0.7892,0.0,0.0
0,66,0.002,49.3600,0.9030,0.7925,0.0,0.0
0,67,0.002,48.9892,0.8883,0.7935,0.0,0.0
0,68,0.002,48.4723,0.8976,0.7960,0.0,0.0
0,69,0.002,48.2259,0.8886,0.7967,0.0,0.0
0,70,0.002,47.5519,0.8994,0.7988,0.0,0.0
0,71,0.002,47.6468,0.8811,0.7989,0.0,0.0
0,72,0.002,47.5928,0.8786,0.7990,0.0,0.0
0,73,0.002,46.8604,0.8932,0.8020,0.0,0.0
0,74,0.002,46.8021,0.8783,0.8022,0.0,0.0
0,75,0.002,48.1844,0.8588,0.7949,0.0,0.0
0,76,0.002,45.6759,0.9145,0.8066,0.0,0.0
0,77,0.002,46.7539,0.8640,0.8018,0.0,0.0
0,78,0.002,48.4819,0.8484,0.7934,0.0,0.0
0,79,0.002,45.6514,0.8605,0.8064,0.0,0.0
0,80,0.002,44.8062,0.8787,0.8100,0.0,0.0
0,81,0.002,46.5826,0.8376,0.8005,0.0,0.0
0,82,0.002,45.5500,0.8448,0.8075,0.0,0.0
0,83,0.002,44.5510,0.8720,0.8105,0.0,0.0
0,84,0.002,44.6851,0.8606,0.8090,0.0,0.0
0,85,0.002,45.3699,0.8298,0.8075,0.0,0.0
0,86,0.002,44.5555,0.8515,0.8103,0.0,0.0
0,87,0.002,43.7894,0.8517,0.8132,0.0,0.0
0,88,0.002,44.1662,0.8368,0.8124,0.0,0.0
0,89,0.002,43.3678,0.8463,0.8149,0.0,0.0
0,90,0.002,44.0964,0.8136,0.8121,0.0,0.0
0,91,0.002,43.4376,0.8381,0.8139,0.0,0.0
0,92,0.002,43.1417,0.8363,0.8158,0.0,0.0
0,93,0.002,43.4045,0.8230,0.8142,0.0,0.0
0,94,0.002,43.4899,0.8287,0.8144,0.0,0.0
0,95,0.002,42.6393,0.8336,0.8175,0.0,0.0
0,96,0.002,42.9681,0.8083,0.8162,0.0,0.0
0,97,0.002,42.3528,0.8301,0.8182,0.0,0.0
0,98,0.002,42.1517,0.8215,0.8203,0.0,0.0
0,99,0.002,42.6120,0.8242,0.8173,0.0,0.0
0,100,0.002,42.0288,0.8170,0.8198,0.0,0.0
0,101,0.002,41.8679,0.8148,0.8207,0.0,0.0
0,102,0.002,43.0360,0.8048,0.8147,0.0,0.0
0,103,0.002,42.1593,0.7975,0.8195,0.0,0.0
0,104,0.002,41.2204,0.8207,0.8229,0.0,0.0
0,105,0.002,42.1146,0.8021,0.8186,0.0,0.0
0,106,0.002,41.5641,0.7897,0.8214,0.0,0.0
0,107,0.002,40.3949,0.8033,0.8263,0.0,0.0
0,108,0.002,40.5435,0.8064,0.8251,0.0,0.0
0,109,0.002,40.7812,0.7989,0.8249,0.0,0.0
0,110,0.002,41.6136,0.7805,0.8214,0.0,0.0
0,111,0.002,39.7873,0.8243,0.8280,0.0,0.0
0,112,0.002,40.8353,0.8065,0.8249,0.0,0.0
0,113,0.002,41.3429,0.7773,0.8227,0.0,0.0
0,114,0.002,39.9107,0.7935,0.8271,0.0,0.0
0,115,0.002,39.3496,0.8120,0.8305,0.0,0.0
0,116,0.002,39.7618,0.7910,0.8297,0.0,0.0
0,117,0.002,40.7681,0.7828,0.8225,0.0,0.0
0,118,0.002,39.9006,0.7913,0.8283,0.0,0.0
0,119,0.002,39.4303,0.7800,0.8297,0.0,0.0
0,120,0.002,39.8577,0.7688,0.8269,0.0,0.0
0,121,0.002,40.1947,0.7763,0.8263,0.0,0.0
0,122,0.002,39.2125,0.7864,0.8300,0.0,0.0
0,123,0.002,38.8794,0.7974,0.8320,0.0,0.0
0,124,0.002,38.8319,0.7925,0.8315,0.0,0.0
0,125,0.002,38.8181,0.7708,0.8318,0.0,0.0
0,126,0.002,39.5706,0.7543,0.8283,0.0,0.0
0,127,0.002,38.4117,0.7833,0.8337,0.0,0.0
0,128,0.002,39.2036,0.7606,0.8307,0.0,0.0
0,129,0.002,39.0103,0.7704,0.8318,0.0,0.0
0,130,0.002,37.8194,0.7946,0.8356,0.0,0.0
0,131,0.002,39.9213,0.7591,0.8273,0.0,0.0
0,132,0.002,39.1505,0.7516,0.8313,0.0,0.0
0,133,0.002,37.2591,0.7874,0.8382,0.0,0.0
0,134,0.002,39.7324,0.7529,0.8268,0.0,0.0
0,135,0.002,38.0961,0.7514,0.8357,0.0,0.0
0,136,0.002,37.3765,0.7869,0.8383,0.0,0.0
0,137,0.002,39.4496,0.7684,0.8302,0.0,0.0
0,138,0.002,37.0424,0.7748,0.8391,0.0,0.0
0,139,0.002,37.0114,0.7536,0.8399,0.0,0.0
0,140,0.002,39.7114,0.7265,0.8286,0.0,0.0
0,141,0.002,36.7412,0.7759,0.8417,0.0,0.0
0,142,0.002,37.3358,0.7525,0.8376,0.0,0.0
0,143,0.002,37.5178,0.7339,0.8382,0.0,0.0
0,144,0.002,37.3625,0.7240,0.8373,0.0,0.0
0,145,0.002,37.2971,0.7359,0.8394,0.0,0.0
0,146,0.002,36.8761,0.7583,0.8405,0.0,0.0
0,147,0.002,36.3634,0.7547,0.8420,0.0,0.0
0,148,0.002,38.6695,0.7106,0.8335,0.0,0.0
0,149,0.002,36.5660,0.7432,0.8410,0.0,0.0
0,150,0.002,36.2890,0.7482,0.8417,0.0,0.0
0,151,0.002,36.9656,0.7122,0.8404,0.0,0.0
0,152,0.002,37.5570,0.7282,0.8369,0.0,0.0
0,153,0.002,37.2584,0.7366,0.8390,0.0,0.0
0,154,0.002,36.4702,0.7304,0.8430,0.0,0.0
0,155,0.002,35.4944,0.7537,0.8457,0.0,0.0
0,156,0.002,37.6457,0.7068,0.8370,0.0,0.0
0,157,0.002,36.0799,0.7212,0.8440,0.0,0.0
0,158,0.002,36.0670,0.7244,0.8427,0.0,0.0
0,159,0.002,36.4423,0.7283,0.8412,0.0,0.0
0,160,0.002,36.1345,0.7242,0.8432,0.0,0.0
0,161,0.002,35.9635,0.7251,0.8439,0.0,0.0
0,162,0.002,36.8986,0.7165,0.8403,0.0,0.0
0,163,0.002,35.7861,0.7215,0.8448,0.0,0.0
0,164,0.001,35.9271,0.7201,0.8440,0.0,0.0
0,165,0.001,35.9297,0.7117,0.8447,0.0,0.0
0,166,0.001,35.9949,0.7156,0.8441,0.0,0.0
0,167,0.001,36.3040,0.7154,0.8422,0.0,0.0
0,168,0.001,35.6667,0.7132,0.8454,0.0,0.0
0,169,0.001,35.9786,0.7113,0.8443,0.0,0.0
0,170,0.001,35.2581,0.7265,0.8474,0.0,0.0
0,171,0.001,35.4842,0.7193,0.8460,0.0,0.0
0,172,0.001,35.7506,0.7249,0.8442,0.0,0.0
0,173,0.001,35.1689,0.7326,0.8475,0.0,0.0
0,174,0.001,35.9797,0.7024,0.8446,0.0,0.0
0,175,0.001,35.5846,0.7203,0.8453,0.0,0.0
0,176,0.001,35.6534,0.7194,0.8459,0.0,0.0
0,177,0.001,35.8062,0.7263,0.8451,0.0,0.0
0,178,0.001,34.8980,0.7301,0.8484,0.0,0.0
0,179,0.001,35.5403,0.7119,0.8460,0.0,0.0
0,180,0.001,35.1631,0.7149,0.8479,0.0,0.0
0,181,0.001,35.0818,0.7161,0.8481,0.0,0.0
0,182,0.001,35.0892,0.7206,0.8481,0.0,0.0
0,183,0.001,35.4885,0.7159,0.8456,0.0,0.0
0,184,0.001,34.8970,0.7229,0.8481,0.0,0.0
0,185,0.001,35.6388,0.6978,0.8461,0.0,0.0
0,186,0.001,34.9158,0.7088,0.8488,0.0,0.0
0,187,0.001,35.3236,0.6994,0.8471,0.0,0.0
0,188,0.001,35.1914,0.7069,0.8479,0.0,0.0
0,189,0.001,35.2419,0.7049,0.8469,0.0,0.0
0,190,0.001,35.1349,0.7079,0.8475,0.0,0.0
0,191,0.001,35.1314,0.6938,0.8488,0.0,0.0
0,192,0.001,35.2938,0.6976,0.8478,0.0,0.0
0,193,0.001,35.0523,0.7066,0.8478,0.0,0.0
0,194,0.0005,34.7361,0.7120,0.8489,0.0,0.0
0,195,0.0005,35.0341,0.7034,0.8483,0.0,0.0
0,196,0.0005,35.0212,0.6980,0.8486,0.0,0.0
0,197,0.0005,34.8579,0.7073,0.8489,0.0,0.0
0,198,0.0005,35.0479,0.7023,0.8482,0.0,0.0
0,199,0.0005,34.8712,0.6989,0.8490,0.0,0.0
1,0,0.002,46.7034,1.0995,0.8020,0.0,0.0
1,1,0.002,42.3117,1.1044,0.8135,0.0,0.0
1,2,0.002,39.8531,1.0321,0.8233,0.0,0.0
1,3,0.002,38.2080,0.9284,0.8293,0.0,0.0
1,4,0.002,37.1595,0.9270,0.8338,0.0,0.0
1,5,0.002,36.1959,0.9272,0.8373,0.0,0.0
1,6,0.002,35.8016,0.9581,0.8384,0.0,0.0
1,7,0.002,35.0572,0.9380,0.8417,0.0,0.0
1,8,0.002,34.7269,0.8931,0.8429,0.0,0.0
1,9,0.002,34.3562,0.9148,0.8442,0.0,0.0
1,10,0.002,33.9737,0.8860,0.8457,0.0,0.0
1,11,0.002,33.6875,0.8766,0.8468,0.0,0.0
1,12,0.002,33.3743,0.9012,0.8481,0.0,0.0
1,13,0.002,33.1860,0.8968,0.8490,0.0,0.0
1,14,0.002,32.9219,0.8794,0.8496,0.0,0.0
1,15,0.002,32.6853,0.8610,0.8507,0.0,0.0
1,16,0.002,32.5769,0.8686,0.8511,0.0,0.0
1,17,0.002,32.1858,0.8733,0.8529,0.0,0.0
1,18,0.002,32.0990,0.8459,0.8532,0.0,0.0
1,19,0.002,31.8301,0.8528,0.8542,0.0,0.0
1,20,0.002,31.8079,0.8613,0.8546,0.0,0.0
1,21,0.002,31.4533,0.8329,0.8557,0.0,0.0
1,22,0.002,31.3311,0.8347,0.8563,0.0,0.0
1,23,0.002,31.3109,0.8490,0.8565,0.0,0.0
1,24,0.002,30.9703,0.8184,0.8579,0.0,0.0
1,25,0.002,30.9182,0.8431,0.8582,0.0,0.0
1,26,0.002,30.8810,0.8546,0.8580,0.0,0.0
1,27,0.002,30.7764,0.8161,0.8587,0.0,0.0
1,28,0.002,30.5185,0.8309,0.8595,0.0,0.0
1,29,0.002,30.3859,0.8190,0.8603,0.0,0.0
1,30,0.002,30.3994,0.8310,0.8602,0.0,0.0
1,31,0.002,30.1758,0.8097,0.8615,0.0,0.0
1,32,0.002,30.2344,0.8260,0.8609,0.0,0.0
1,33,0.002,30.3165,0.7787,0.8606,0.0,0.0
1,34,0.002,29.7981,0.8150,0.8629,0.0,0.0
1,35,0.002,29.7665,0.7964,0.8631,0.0,0.0
1,36,0.002,29.5867,0.8129,0.8639,0.0,0.0
1,37,0.002,29.6083,0.8084,0.8635,0.0,0.0
1,38,0.002,29.4694,0.7937,0.8643,0.0,0.0
1,39,0.002,29.2788,0.7874,0.8650,0.0,0.0
1,40,0.002,29.1852,0.8033,0.8652,0.0,0.0
1,41,0.002,29.1464,0.7752,0.8656,0.0,0.0
1,42,0.002,29.1775,0.8001,0.8653,0.0,0.0
1,43,0.002,29.0587,0.7702,0.8661,0.0,0.0
1,44,0.002,29.0313,0.7893,0.8659,0.0,0.0
1,45,0.002,28.8151,0.7830,0.8670,0.0,0.0
1,46,0.002,28.7556,0.7787,0.8669,0.0,0.0
1,47,0.002,28.6005,0.7851,0.8679,0.0,0.0
1,48,0.002,28.5995,0.7772,0.8676,0.0,0.0
1,49,0.002,28.5597,0.7559,0.8680,0.0,0.0
1,50,0.002,28.6370,0.7745,0.8675,0.0,0.0
1,51,0.002,28.6002,0.7516,0.8682,0.0,0.0
1,52,0.002,28.2576,0.7768,0.8693,0.0,0.0
1,53,0.002,28.2868,0.7567,0.8691,0.0,0.0
1,54,0.002,28.3443,0.7553,0.8683,0.0,0.0
1,55,0.002,28.0858,0.7324,0.8701,0.0,0.0
1,56,0.002,28.1269,0.7770,0.8698,0.0,0.0
1,57,0.002,27.8463,0.7430,0.8708,0.0,0.0
1,58,0.002,28.1339,0.7430,0.8692,0.0,0.0
1,59,0.002,27.8000,0.7442,0.8708,0.0,0.0
1,60,0.002,27.8667,0.7491,0.8706,0.0,0.0
1,61,0.002,27.7250,0.7340,0.8714,0.0,0.0
1,62,0.002,27.6319,0.7483,0.8717,0.0,0.0
1,63,0.002,27.6478,0.7605,0.8718,0.0,0.0
1,64,0.002,27.5937,0.7442,0.8718,0.0,0.0
1,65,0.002,27.4528,0.7403,0.8724,0.0,0.0
1,66,0.002,27.4652,0.7424,0.8723,0.0,0.0
1,67,0.002,27.6581,0.7306,0.8713,0.0,0.0
1,68,0.002,27.4891,0.7357,0.8725,0.0,0.0
1,69,0.002,27.5499,0.7822,0.8719,0.0,0.0
1,70,0.002,27.1423,0.7291,0.8737,0.0,0.0
1,71,0.002,27.2209,0.7458,0.8732,0.0,0.0
1,72,0.002,27.1375,0.7124,0.8735,0.0,0.0
1,73,0.002,27.0032,0.7312,0.8744,0.0,0.0
1,74,0.002,27.3273,0.7377,0.8726,0.0,0.0
1,75,0.002,27.5914,0.7131,0.8717,0.0,0.0
1,76,0.002,26.9752,0.7297,0.8742,0.0,0.0
1,77,0.002,26.9997,0.7262,0.8739,0.0,0.0
1,78,0.002,26.7636,0.7265,0.8754,0.0,0.0
1,79,0.002,26.7649,0.7150,0.8751,0.0,0.0
1,80,0.002,27.1454,0.7434,0.8733,0.0,0.0
1,81,0.002,26.9019,0.7018,0.8747,0.0,0.0
1,82,0.002,26.8511,0.7706,0.8749,0.0,0.0
1,83,0.002,26.7654,0.6956,0.8753,0.0,0.0
1,84,0.002,26.5498,0.7395,0.8762,0.0,0.0
1,85,0.002,26.7186,0.6974,0.8755,0.0,0.0
1,86,0.002,26.6165,0.7305,0.8760,0.0,0.0
1,87,0.002,26.4627,0.6968,0.8766,0.0,0.0
1,88,0.002,26.6173,0.7072,0.8755,0.0,0.0
1,89,0.002,26.4530,0.7256,0.8767,0.0,0.0
1,90,0.002,26.4974,0.7114,0.8762,0.0,0.0
1,91,0.002,26.3772,0.7192,0.8767,0.0,0.0
1,92,0.002,26.4026,0.7179,0.8767,0.0,0.0
1,93,0.002,26.2322,0.7173,0.8775,0.0,0.0
1,94,0.002,26.3751,0.7200,0.8766,0.0,0.0
1,95,0.002,26.3147,0.6997,0.8770,0.0,0.0
1,96,0.002,26.2325,0.7302,0.8775,0.0,0.0
1,97,0.002,26.1899,0.7145,0.8774,0.0,0.0
1,98,0.002,26.2727,0.7126,0.8771,0.0,0.0
1,99,0.002,26.0915,0.6887,0.8781,0.0,0.0
1,100,0.002,26.5592,0.7305,0.8759,0.0,0.0
1,101,0.002,26.0959,0.7066,0.8782,0.0,0.0
1,102,0.002,26.1187,0.7036,0.8776,0.0,0.0
1,103,0.002,26.2628,0.7167,0.8774,0.0,0.0
1,104,0.002,26.0203,0.7143,0.8783,0.0,0.0
1,105,0.002,26.1571,0.7167,0.8776,0.0,0.0
1,106,0.002,26.0155,0.6984,0.8782,0.0,0.0
1,107,0.002,25.9388,0.7227,0.8787,0.0,0.0
1,108,0.002,25.9256,0.7032,0.8786,0.0,0.0
1,109,0.002,25.8658,0.7112,0.8788,0.0,0.0
1,110,0.002,26.0176,0.6956,0.8779,0.0,0.0
1,111,0.002,26.0058,0.7347,0.8783,0.0,0.0
1,112,0.002,25.8389,0.7075,0.8789,0.0,0.0
1,113,0.002,25.9478,0.7059,0.8784,0.0,0.0
1,114,0.002,25.7983,0.6988,0.8792,0.0,0.0
1,115,0.002,25.7505,0.7084,0.8791,0.0,0.0
1,116,0.002,25.9651,0.7081,0.8778,0.0,0.0
1,117,0.002,26.0039,0.6845,0.8783,0.0,0.0
1,118,0.002,25.7026,0.6899,0.8795,0.0,0.0
1,119,0.002,25.8341,0.7044,0.8790,0.0,0.0
1,120,0.002,25.5848,0.6839,0.8799,0.0,0.0
1,121,0.002,25.5467,0.7008,0.8801,0.0,0.0
1,122,0.002,25.5387,0.6732,0.8803,0.0,0.0
1,123,0.002,25.9203,0.7041,0.8779,0.0,0.0
1,124,0.002,25.6069,0.7038,0.8798,0.0,0.0
1,125,0.002,25.5211,0.6976,0.8800,0.0,0.0
1,126,0.002,25.8551,0.7152,0.8785,0.0,0.0
1,127,0.002,25.6002,0.6958,0.8798,0.0,0.0
1,128,0.002,25.4626,0.6859,0.8805,0.0,0.0
1,129,0.001,25.4392,0.6814,0.8804,0.0,0.0
1,130,0.001,25.4230,0.6899,0.8803,0.0,0.0
1,131,0.001,25.3881,0.6934,0.8806,0.0,0.0
1,132,0.001,25.3853,0.6922,0.8806,0.0,0.0
1,133,0.001,25.3396,0.6860,0.8809,0.0,0.0
1,134,0.001,25.3611,0.6886,0.8806,0.0,0.0
1,135,0.001,25.4736,0.6992,0.8802,0.0,0.0
1,136,0.001,25.3101,0.6943,0.8809,0.0,0.0
1,137,0.001,25.3112,0.6858,0.8810,0.0,0.0
1,138,0.001,25.2925,0.6880,0.8809,0.0,0.0
1,139,0.001,25.3502,0.6872,0.8807,0.0,0.0
1,140,0.001,25.4314,0.6877,0.8802,0.0,0.0
1,141,0.001,25.2220,0.6751,0.8813,0.0,0.0
1,142,0.0005,25.2549,0.6837,0.8811,0.0,0.0
1,143,0.0005,25.2866,0.6910,0.8810,0.0,0.0
1,144,0.0005,25.2826,0.6860,0.8810,0.0,0.0
1,145,0.0005,25.2344,0.6906,0.8813,0.0,0.0
1,146,0.0005,25.3174,0.6832,0.8807,0.0,0.0
1,147,0.0005,25.2197,0.6812,0.8813,0.0,0.0
1,148,0.0005,25.2333,0.6827,0.8813,0.0,0.0
1,149,0.0005,25.2716,0.6863,0.8810,0.0,0.0
1,150,0.0005,25.2507,0.6842,0.8811,0.0,0.0
1,151,0.0005,25.1876,0.6854,0.8814,0.0,0.0
1,152,0.0005,25.2177,0.6854,0.8813,0.0,0.0
1,153,0.0005,25.2418,0.6865,0.8811,0.0,0.0
1,154,0.0005,25.2352,0.6859,0.8812,0.0,0.0
1,155,0.0005,25.1709,0.6801,0.8815,0.0,0.0
1,156,0.0005,25.1973,0.6845,0.8814,0.0,0.0
1,157,0.0005,25.2141,0.6837,0.8813,0.0,0.0
1,158,0.0005,25.1880,0.6865,0.8814,0.0,0.0
1,159,0.0005,25.2376,0.6884,0.8812,0.0,0.0
1,160,0.0005,25.1833,0.6860,0.8814,0.0,0.0
1,161,0.0005,25.1392,0.6884,0.8817,0.0,0.0
1,162,0.0005,25.1701,0.6816,0.8815,0.0,0.0
1,163,0.0005,25.1308,0.6754,0.8818,0.0,0.0
1,164,0.0005,25.1719,0.6819,0.8815,0.0,0.0
1,165,0.0005,25.2000,0.6950,0.8813,0.0,0.0
1,166,0.00025,25.1396,0.6803,0.8816,0.0,0.0
1,167,0.00025,25.1408,0.6784,0.8817,0.0,0.0
1,168,0.00025,25.1815,0.6852,0.8814,0.0,0.0
1,169,0.00025,25.1470,0.6841,0.8816,0.0,0.0
1,170,0.00025,25.1340,0.6747,0.8816,0.0,0.0
1,171,0.00025,25.1355,0.6874,0.8817,0.0,0.0
1,172,0.00025,25.1453,0.6815,0.8815,0.0,0.0
1,173,0.00025,25.1270,0.6832,0.8817,0.0,0.0
1,174,0.00025,25.1015,0.6801,0.8818,0.0,0.0
1,175,0.00025,25.1416,0.6843,0.8816,0.0,0.0
1,176,0.00025,25.1124,0.6818,0.8817,0.0,0.0
1,177,0.00025,25.1132,0.6815,0.8817,0.0,0.0
1,178,0.000125,25.1390,0.6843,0.8816,0.0,0.0
1,179,0.000125,25.1123,0.6803,0.8817,0.0,0.0
1,180,0.000125,25.1217,0.6827,0.8816,0.0,0.0
1,181,0.000125,25.1217,0.6826,0.8817,0.0,0.0
1,182,0.000125,25.1202,0.6826,0.8817,0.0,0.0
1,183,0.000125,25.1060,0.6816,0.8817,0.0,0.0
1,184,0.000125,25.1175,0.6825,0.8817,0.0,0.0
1,185,0.000125,25.0924,0.6820,0.8818,0.0,0.0
1,186,0.000125,25.1296,0.6842,0.8816,0.0,0.0
1,187,0.000125,25.1044,0.6812,0.8817,0.0,0.0
1,188,0.000125,25.1084,0.6830,0.8817,0.0,0.0
1,189,0.000125,25.1229,0.6808,0.8816,0.0,0.0
1,190,6.25e-05,25.1081,0.6813,0.8817,0.0,0.0
1,191,6.25e-05,25.1176,0.6842,0.8817,0.0,0.0
1,192,6.25e-05,25.1059,0.6824,0.8817,0.0,0.0
1,193,6.25e-05,25.1051,0.6818,0.8817,0.0,0.0
1,194,6.25e-05,25.0992,0.6813,0.8818,0.0,0.0
1,195,6.25e-05,25.1041,0.6827,0.8817,0.0,0.0
1,196,6.25e-05,25.1101,0.6815,0.8817,0.0,0.0
1,197,6.25e-05,25.1015,0.6827,0.8817,0.0,0.0
1,198,6.25e-05,25.1184,0.6826,0.8816,0.0,0.0
1,199,6.25e-05,25.1003,0.6822,0.8817,0.0,0.0
2,0,0.002,44.1970,0.8731,0.8037,0.0,0.0
2,1,0.002,33.4210,0.7345,0.8454,0.0,0.0
2,2,0.002,29.6083,0.7735,0.8637,0.0,0.0
2,3,0.002,27.6885,0.7637,0.8724,0.0,0.0
2,4,0.002,27.0868,0.7704,0.8745,0.0,0.0
2,5,0.002,26.4379,0.6974,0.8784,0.0,0.0
2,6,0.002,25.8576,0.7235,0.8802,0.0,0.0
2,7,0.002,25.9352,0.6791,0.8804,0.0,0.0
2,8,0.002,25.3890,0.6917,0.8821,0.0,0.0
2,9,0.002,25.6496,0.6883,0.8813,0.0,0.0
2,10,0.002,25.0819,0.6678,0.8844,0.0,0.0
2,11,0.002,24.8259,0.6607,0.8853,0.0,0.0
2,12,0.002,24.6753,0.6838,0.8854,0.0,0.0
2,13,0.002,24.3953,0.6790,0.8871,0.0,0.0
2,14,0.002,24.4967,0.6479,0.8871,0.0,0.0
2,15,0.002,24.1485,0.6435,0.8881,0.0,0.0
2,16,0.002,24.1254,0.6596,0.8880,0.0,0.0
2,17,0.002,24.1552,0.6367,0.8881,0.0,0.0
2,18,0.002,24.0161,0.6436,0.8883,0.0,0.0
2,19,0.002,23.8684,0.6544,0.8892,0.0,0.0
2,20,0.002,23.7433,0.6328,0.8896,0.0,0.0
2,21,0.002,23.6932,0.6473,0.8900,0.0,0.0
2,22,0.002,23.5428,0.6642,0.8902,0.0,0.0
2,23,0.002,23.6235,0.6272,0.8907,0.0,0.0
2,24,0.002,23.5281,0.6456,0.8910,0.0,0.0
2,25,0.002,23.2924,0.6352,0.8916,0.0,0.0
2,26,0.002,23.2470,0.6380,0.8913,0.0,0.0
2,27,0.002,23.4153,0.6305,0.8913,0.0,0.0
2,28,0.002,23.3986,0.6353,0.8915,0.0,0.0
2,29,0.002,23.1631,0.6308,0.8919,0.0,0.0
2,30,0.002,23.5066,0.6197,0.8912,0.0,0.0
2,31,0.002,23.3991,0.6415,0.8916,0.0,0.0
2,32,0.002,23.5436,0.6245,0.8914,0.0,0.0
2,33,0.002,23.0911,0.6277,0.8928,0.0,0.0
2,34,0.002,23.0850,0.6276,0.8927,0.0,0.0
2,35,0.002,23.1290,0.6092,0.8926,0.0,0.0
2,36,0.002,22.9111,0.6352,0.8933,0.0,0.0
2,37,0.002,23.0622,0.6020,0.8927,0.0,0.0
2,38,0.002,23.3225,0.6241,0.8919,0.0,0.0
2,39,0.002,23.3004,0.6388,0.8921,0.0,0.0
2,40,0.002,23.1213,0.6277,0.8925,0.0,0.0
2,41,0.002,22.7189,0.6068,0.8941,0.0,0.0
2,42,0.002,22.7234,0.6214,0.8943,0.0,0.0
2,43,0.002,22.7193,0.6047,0.8942,0.0,0.0
2,44,0.002,22.6083,0.6177,0.8949,0.0,0.0
2,45,0.002,22.6220,0.6021,0.8949,0.0,0.0
2,46,0.002,22.5712,0.6168,0.8947,0.0,0.0
2,47,0.002,22.6589,0.6286,0.8947,0.0,0.0
2,48,0.002,22.6588,0.6002,0.8945,0.0,0.0
2,49,0.002,22.6649,0.6120,0.8945,0.0,0.0
2,50,0.002,22.4585,0.6040,0.8951,0.0,0.0
2,51,0.002,22.5374,0.6469,0.8950,0.0,0.0
2,52,0.002,22.4732,0.6294,0.8954,0.0,0.0
2,53,0.002,22.4800,0.6186,0.8945,0.0,0.0
2,54,0.002,22.3301,0.5986,0.8959,0.0,0.0
2,55,0.002,22.4800,0.5955,0.8954,0.0,0.0
2,56,0.002,22.8902,0.6156,0.8940,0.0,0.0
2,57,0.002,22.2093,0.6026,0.8962,0.0,0.0
2,58,0.002,22.3549,0.5918,0.8958,0.0,0.0
2,59,0.002,22.6171,0.5866,0.8952,0.0,0.0
2,60,0.002,22.6944,0.6092,0.8930,0.0,0.0
2,61,0.002,22.2707,0.6154,0.8963,0.0,0.0
2,62,0.002,22.6413,0.5994,0.8950,0.0,0.0
2,63,0.002,22.3560,0.6016,0.8962,0.0,0.0
2,64,0.002,22.2257,0.6280,0.8964,0.0,0.0
2,65,0.002,22.2266,0.6050,0.8962,0.0,0.0
2,66,0.002,22.3954,0.6017,0.8957,0.0,0.0
2,67,0.002,22.3940,0.5978,0.8962,0.0,0.0
2,68,0.002,22.4696,0.6049,0.8956,0.0,0.0
2,69,0.002,22.2970,0.6048,0.8963,0.0,0.0
2,70,0.002,22.3699,0.6132,0.8959,0.0,0.0
2,71,0.002,22.0657,0.5943,0.8973,0.0,0.0
2,72,0.002,22.0312,0.6139,0.8971,0.0,0.0
2,73,0.002,21.8926,0.5924,0.8973,0.0,0.0
2,74,0.002,22.0400,0.5906,0.8974,0.0,0.0
2,75,0.002,22.3491,0.6080,0.8962,0.0,0.0
2,76,0.002,21.7703,0.6155,0.8979,0.0,0.0
2,77,0.001,22.0387,0.5902,0.8975,0.0,0.0
2,78,0.001,22.0005,0.6002,0.8977,0.0,0.0
2,79,0.001,21.8856,0.6027,0.8979,0.0,0.0
2,80,0.001,21.7338,0.5768,0.8984,0.0,0.0
2,81,0.001,21.7186,0.5902,0.8986,0.0,0.0
2,82,0.001,21.6801,0.5935,0.8987,0.0,0.0
2,83,0.001,21.7812,0.5971,0.8983,0.0,0.0
2,84,0.001,21.6883,0.5861,0.8987,0.0,0.0
2,85,0.001,21.7292,0.5972,0.8986,0.0,0.0
2,86,0.001,21.7924,0.5837,0.8984,0.0,0.0
2,87,0.001,21.8237,0.5941,0.8982,0.0,0.0
2,88,0.001,21.7399,0.5817,0.8987,0.0,0.0
2,89,0.001,21.7623,0.6028,0.8985,0.0,0.0
2,90,0.0005,21.7838,0.5953,0.8985,0.0,0.0
2,91,0.0005,21.7459,0.5885,0.8985,0.0,0.0
2,92,0.0005,21.7751,0.5835,0.8986,0.0,0.0
2,93,0.0005,21.7254,0.6055,0.8987,0.0,0.0
2,94,0.0005,21.7284,0.5781,0.8986,0.0,0.0
2,95,0.0005,21.6514,0.5984,0.8987,0.0,0.0
2,96,0.0005,21.7753,0.5886,0.8984,0.0,0.0
2,97,0.0005,21.6776,0.5834,0.8987,0.0,0.0
2,98,0.0005,21.6640,0.5909,0.8988,0.0,0.0
2,99,0.0005,21.6248,0.5958,0.8991,0.0,0.0
2,100,0.0005,21.7361,0.5838,0.8987,0.0,0.0
2,101,0.0005,21.6410,0.5946,0.8988,0.0,0.0
2,102,0.0005,21.7660,0.5892,0.8984,0.0,0.0
2,103,0.0005,21.5895,0.5873,0.8989,0.0,0.0
2,104,0.00025,21.6666,0.5856,0.8989,0.0,0.0
2,105,0.00025,21.6401,0.5859,0.8990,0.0,0.0
2,106,0.00025,21.6063,0.5901,0.8991,0.0,0.0
2,107,0.00025,21.5737,0.5891,0.8992,0.0,0.0
2,108,0.00025,21.5875,0.5846,0.8991,0.0,0.0
2,109,0.00025,21.6259,0.5874,0.8989,0.0,0.0
2,110,0.00025,21.5969,0.5874,0.8990,0.0,0.0
2,111,0.00025,21.5770,0.5876,0.8990,0.0,0.0
2,112,0.00025,21.5579,0.5856,0.8992,0.0,0.0
2,113,0.00025,21.5936,0.5904,0.8992,0.0,0.0
2,114,0.00025,21.5978,0.5906,0.8992,0.0,0.0
2,115,0.00025,21.5722,0.5859,0.8992,0.0,0.0
2,116,0.000125,21.5618,0.5880,0.8993,0.0,0.0
2,117,0.000125,21.5456,0.5904,0.8993,0.0,0.0
2,118,0.000125,21.5456,0.5870,0.8993,0.0,0.0
2,119,0.000125,21.5833,0.5881,0.8992,0.0,0.0
2,120,0.000125,21.5535,0.5877,0.8992,0.0,0.0
2,121,0.000125,21.5785,0.5880,0.8992,0.0,0.0
2,122,0.000125,21.5718,0.5878,0.8992,0.0,0.0
2,123,0.000125,21.5680,0.5903,0.8993,0.0,0.0
2,124,0.000125,21.5780,0.5877,0.8992,0.0,0.0
2,125,0.000125,21.5857,0.5871,0.8992,0.0,0.0
2,126,0.000125,21.5579,0.5883,0.8993,0.0,0.0
2,127,0.000125,21.5563,0.5870,0.8993,0.0,0.0
2,128,6.25e-05,21.5475,0.5871,0.8993,0.0,0.0
2,129,6.25e-05,21.5380,0.5879,0.8994,0.0,0.0
2,130,6.25e-05,21.5433,0.5894,0.8993,0.0,0.0
2,131,6.25e-05,21.5366,0.5897,0.8994,0.0,0.0
2,132,6.25e-05,21.5584,0.5875,0.8993,0.0,0.0
2,133,6.25e-05,21.5721,0.5869,0.8992,0.0,0.0
2,134,6.25e-05,21.5470,0.5887,0.8993,0.0,0.0
2,135,6.25e-05,21.5455,0.5872,0.8993,0.0,0.0
2,136,6.25e-05,21.5589,0.5866,0.8993,0.0,0.0
2,137,6.25e-05,21.5594,0.5871,0.8993,0.0,0.0
2,138,6.25e-05,21.5480,0.5881,0.8993,0.0,0.0
2,139,6.25e-05,21.5552,0.5884,0.8993,0.0,0.0
2,140,3.125e-05,21.5691,0.5880,0.8993,0.0,0.0
2,141,3.125e-05,21.5678,0.5878,0.8993,0.0,0.0
2,142,3.125e-05,21.5654,0.5877,0.8993,0.0,0.0
2,143,3.125e-05,21.5574,0.5876,0.8993,0.0,0.0
2,144,3.125e-05,21.5601,0.5878,0.8993,0.0,0.0
2,145,3.125e-05,21.5538,0.5885,0.8993,0.0,0.0
2,146,3.125e-05,21.5554,0.5885,0.8993,0.0,0.0
2,147,3.125e-05,21.5594,0.5880,0.8993,0.0,0.0
2,148,3.125e-05,21.5680,0.5884,0.8993,0.0,0.0
2,149,3.125e-05,21.5658,0.5883,0.8993,0.0,0.0
2,150,3.125e-05,21.5537,0.5884,0.8993,0.0,0.0
2,151,3.125e-05,21.5416,0.5885,0.8993,0.0,0.0
2,152,1.5625e-05,21.5415,0.5886,0.8993,0.0,0.0
2,153,1.5625e-05,21.5460,0.5882,0.8993,0.0,0.0
2,154,1.5625e-05,21.5480,0.5877,0.8993,0.0,0.0
2,155,1.5625e-05,21.5470,0.5875,0.8993,0.0,0.0
2,156,1.5625e-05,21.5433,0.5876,0.8993,0.0,0.0
2,157,1.5625e-05,21.5437,0.5878,0.8993,0.0,0.0
2,158,1.5625e-05,21.5451,0.5879,0.8993,0.0,0.0
2,159,1.5625e-05,21.5519,0.5876,0.8993,0.0,0.0
2,160,1.5625e-05,21.5591,0.5880,0.8993,0.0,0.0
2,161,1.5625e-05,21.5555,0.5882,0.8993,0.0,0.0
2,162,1.5625e-05,21.5504,0.5879,0.8993,0.0,0.0
2,163,1.5625e-05,21.5464,0.5879,0.8993,0.0,0.0
2,164,7.8125e-06,21.5447,0.5879,0.8993,0.0,0.0
2,165,7.8125e-06,21.5438,0.5879,0.8993,0.0,0.0
2,166,7.8125e-06,21.5438,0.5879,0.8993,0.0,0.0
2,167,7.8125e-06,21.5482,0.5879,0.8993,0.0,0.0
2,168,7.8125e-06,21.5466,0.5881,0.8993,0.0,0.0
2,169,7.8125e-06,21.5471,0.5879,0.8993,0.0,0.0
2,170,7.8125e-06,21.5459,0.5876,0.8993,0.0,0.0
2,171,7.8125e-06,21.5434,0.5875,0.8993,0.0,0.0
2,172,7.8125e-06,21.5431,0.5875,0.8993,0.0,0.0
2,173,7.8125e-06,21.5446,0.5873,0.8993,0.0,0.0
2,174,7.8125e-06,21.5468,0.5874,0.8993,0.0,0.0
2,175,7.8125e-06,21.5501,0.5875,0.8993,0.0,0.0
2,176,3.90625e-06,21.5510,0.5876,0.8993,0.0,0.0
2,177,3.90625e-06,21.5508,0.5877,0.8993,0.0,0.0
2,178,3.90625e-06,21.5521,0.5876,0.8993,0.0,0.0
2,179,3.90625e-06,21.5516,0.5875,0.8993,0.0,0.0
2,180,3.90625e-06,21.5518,0.5874,0.8993,0.0,0.0
2,181,3.90625e-06,21.5505,0.5875,0.8993,0.0,0.0
2,182,3.90625e-06,21.5496,0.5877,0.8993,0.0,0.0
2,183,3.90625e-06,21.5495,0.5877,0.8993,0.0,0.0
2,184,3.90625e-06,21.5495,0.5878,0.8993,0.0,0.0
2,185,3.90625e-06,21.5514,0.5877,0.8993,0.0,0.0
2,186,3.90625e-06,21.5521,0.5877,0.8993,0.0,0.0
2,187,3.90625e-06,21.5513,0.5877,0.8993,0.0,0.0
2,188,1.953125e-06,21.5512,0.5877,0.8993,0.0,0.0
2,189,1.953125e-06,21.5509,0.5877,0.8993,0.0,0.0
2,190,1.953125e-06,21.5504,0.5877,0.8993,0.0,0.0
2,191,1.953125e-06,21.5510,0.5877,0.8993,0.0,0.0
2,192,1.953125e-06,21.5504,0.5878,0.8993,0.0,0.0
2,193,1.953125e-06,21.5505,0.5877,0.8993,0.0,0.0
2,194,1.953125e-06,21.5513,0.5877,0.8993,0.0,0.0
2,195,1.953125e-06,21.5519,0.5877,0.8993,0.0,0.0
2,196,1.953125e-06,21.5516,0.5877,0.8993,0.0,0.0
2,197,1.953125e-06,21.5516,0.5877,0.8993,0.0,0.0
2,198,1.953125e-06,21.5517,0.5877,0.8993,0.0,0.0
2,199,1.953125e-06,21.5510,0.5878,0.8993,0.0,0.0
3,0,0.002,56.8423,1.5953,0.7858,0.0,0.0
3,1,0.002,36.3856,0.8871,0.8518,0.0,0.0
3,2,0.002,25.4647,0.9533,0.8952,0.0,0.0
3,3,0.002,25.6686,0.9773,0.8951,0.0,0.0
3,4,0.002,23.8585,0.7812,0.9010,0.0,0.0
3,5,0.002,22.0871,0.7699,0.9068,0.0,0.0
3,6,0.002,21.3848,0.7605,0.9099,0.0,0.0
3,7,0.002,20.7574,0.7077,0.9125,0.0,0.0
3,8,0.002,20.4455,0.7241,0.9140,0.0,0.0
3,9,0.002,20.2428,0.6828,0.9147,0.0,0.0
3,10,0.002,19.9554,0.6788,0.9158,0.0,0.0
3,11,0.002,19.7560,0.6827,0.9165,0.0,0.0
3,12,0.002,19.6052,0.6681,0.9171,0.0,0.0
3,13,0.002,19.4311,0.6666,0.9177,0.0,0.0
3,14,0.002,19.2401,0.6589,0.9183,0.0,0.0
3,15,0.002,19.1347,0.6603,0.9188,0.0,0.0
3,16,0.002,19.0796,0.6534,0.9192,0.0,0.0
3,17,0.002,18.9244,0.6425,0.9198,0.0,0.0
3,18,0.002,18.8263,0.6526,0.9202,0.0,0.0
3,19,0.002,18.7404,0.6419,0.9206,0.0,0.0
3,20,0.002,18.7584,0.6676,0.9205,0.0,0.0
3,21,0.002,18.6482,0.6391,0.9209,0.0,0.0
3,22,0.002,18.5767,0.6439,0.9212,0.0,0.0
3,23,0.002,18.4306,0.6490,0.9217,0.0,0.0
3,24,0.002,18.3847,0.6536,0.9219,0.0,0.0
3,25,0.002,18.2507,0.6375,0.9225,0.0,0.0
3,26,0.002,18.2100,0.6340,0.9227,0.0,0.0
3,27,0.002,18.3023,0.6497,0.9223,0.0,0.0
3,28,0.002,18.1796,0.6474,0.9227,0.0,0.0
3,29,0.002,18.1137,0.6406,0.9232,0.0,0.0
3,30,0.002,18.0083,0.6473,0.9233,0.0,0.0
3,31,0.002,18.0916,0.6395,0.9231,0.0,0.0
3,32,0.002,17.9905,0.6374,0.9233,0.0,0.0
3,33,0.002,17.8590,0.6561,0.9242,0.0,0.0
3,34,0.002,17.8011,0.6321,0.9243,0.0,0.0
3,35,0.002,17.7578,0.6415,0.9244,0.0,0.0
3,36,0.002,17.7631,0.6423,0.9245,0.0,0.0
3,37,0.002,17.8043,0.6350,0.9241,0.0,0.0
3,38,0.002,17.6615,0.6413,0.9248,0.0,0.0
3,39,0.002,17.5189,0.6355,0.9251,0.0,0.0
3,40,0.002,17.5015,0.6360,0.9254,0.0,0.0
3,41,0.002,17.5185,0.6320,0.9254,0.0,0.0
3,42,0.002,17.4989,0.6309,0.9253,0.0,0.0
3,43,0.002,17.6634,0.6324,0.9248,0.0,0.0
3,44,0.002,17.4841,0.6472,0.9253,0.0,0.0
3,45,0.002,17.4860,0.6368,0.9252,0.0,0.0
3,46,0.002,17.3683,0.6253,0.9257,0.0,0.0
3,47,0.002,17.3632,0.6413,0.9258,0.0,0.0
3,48,0.002,17.2942,0.6268,0.9261,0.0,0.0
3,49,0.002,17.2272,0.6275,0.9262,0.0,0.0
3,50,0.002,17.4601,0.6293,0.9258,0.0,0.0
3,51,0.002,17.2059,0.6451,0.9265,0.0,0.0
3,52,0.002,17.2143,0.6317,0.9265,0.0,0.0
3,53,0.002,17.1951,0.6168,0.9265,0.0,0.0
3,54,0.002,17.0978,0.6302,0.9270,0.0,0.0
3,55,0.002,17.1192,0.6238,0.9268,0.0,0.0
3,56,0.002,17.1707,0.6267,0.9266,0.0,0.0
3,57,0.002,17.1144,0.6271,0.9269,0.0,0.0
3,58,0.002,17.0583,0.6255,0.9272,0.0,0.0
3,59,0.002,17.0166,0.6092,0.9272,0.0,0.0
3,60,0.002,17.0033,0.6342,0.9274,0.0,0.0
3,61,0.002,16.9525,0.6449,0.9275,0.0,0.0
3,62,0.002,16.9259,0.6202,0.9275,0.0,0.0
3,63,0.002,16.9236,0.6180,0.9276,0.0,0.0
3,64,0.002,16.9387,0.6335,0.9275,0.0,0.0
3,65,0.002,16.9010,0.6170,0.9277,0.0,0.0
3,66,0.002,16.8984,0.6239,0.9277,0.0,0.0
3,67,0.002,16.9537,0.6188,0.9274,0.0,0.0
3,68,0.002,16.8369,0.6346,0.9279,0.0,0.0
3,69,0.002,16.8198,0.6181,0.9279,0.0,0.0
3,70,0.002,16.8472,0.6096,0.9279,0.0,0.0
3,71,0.002,16.7680,0.6204,0.9282,0.0,0.0
3,72,0.002,16.7894,0.6254,0.9282,0.0,0.0
3,73,0.002,16.8097,0.6255,0.9280,0.0,0.0
3,74,0.002,16.7986,0.6154,0.9282,0.0,0.0
3,75,0.002,16.8186,0.6181,0.9281,0.0,0.0
3,76,0.002,16.8073,0.6092,0.9282,0.0,0.0
3,77,0.002,16.8626,0.6160,0.9278,0.0,0.0
3,78,0.002,16.6360,0.6231,0.9289,0.0,0.0
3,79,0.002,16.7102,0.6096,0.9287,0.0,0.0
3,80,0.002,16.6519,0.6093,0.9287,0.0,0.0
3,81,0.002,16.6313,0.6118,0.9288,0.0,0.0
3,82,0.002,16.6159,0.6195,0.9290,0.0,0.0
3,83,0.002,16.5138,0.6329,0.9294,0.0,0.0
3,84,0.002,16.7647,0.6077,0.9284,0.0,0.0
3,85,0.002,16.4891,0.6185,0.9295,0.0,0.0
3,86,0.002,16.5220,0.6131,0.9294,0.0,0.0
3,87,0.002,16.5433,0.6127,0.9293,0.0,0.0
3,88,0.002,16.8266,0.6200,0.9279,0.0,0.0
3,89,0.001,16.5024,0.6179,0.9294,0.0,0.0
3,90,0.001,16.6294,0.6127,0.9289,0.0,0.0
3,91,0.001,16.4583,0.6179,0.9296,0.0,0.0
3,92,0.001,16.5099,0.6126,0.9293,0.0,0.0
3,93,0.001,16.4435,0.6113,0.9296,0.0,0.0
3,94,0.001,16.4959,0.6158,0.9295,0.0,0.0
3,95,0.001,16.3554,0.6017,0.9300,0.0,0.0
3,96,0.001,16.4187,0.6251,0.9298,0.0,0.0
3,97,0.001,16.4265,0.6094,0.9298,0.0,0.0
3,98,0.001,16.3486,0.6071,0.9301,0.0,0.0
3,99,0.001,16.4371,0.6199,0.9299,0.0,0.0
3,100,0.001,16.3790,0.6086,0.9300,0.0,0.0
3,101,0.001,16.3880,0.6170,0.9299,0.0,0.0
3,102,0.001,16.3246,0.6057,0.9302,0.0,0.0
3,103,0.0005,16.3405,0.6188,0.9302,0.0,0.0
3,104,0.0005,16.3059,0.6103,0.9303,0.0,0.0
3,105,0.0005,16.3248,0.6110,0.9302,0.0,0.0
3,106,0.0005,16.3441,0.6083,0.9301,0.0,0.0
3,107,0.0005,16.2997,0.6103,0.9303,0.0,0.0
3,108,0.0005,16.3651,0.6158,0.9301,0.0,0.0
3,109,0.0005,16.3233,0.6062,0.9302,0.0,0.0
3,110,0.0005,16.3277,0.6136,0.9302,0.0,0.0
3,111,0.0005,16.3188,0.6124,0.9301,0.0,0.0
3,112,0.0005,16.2874,0.6102,0.9303,0.0,0.0
3,113,0.0005,16.2774,0.6102,0.9303,0.0,0.0
3,114,0.0005,16.2879,0.6094,0.9303,0.0,0.0
3,115,0.00025,16.2690,0.6111,0.9304,0.0,0.0
3,116,0.00025,16.2662,0.6136,0.9304,0.0,0.0
3,117,0.00025,16.2795,0.6118,0.9304,0.0,0.0
3,118,0.00025,16.2780,0.6111,0.9304,0.0,0.0
3,119,0.00025,16.2679,0.6092,0.9304,0.0,0.0
3,120,0.00025,16.2868,0.6114,0.9303,0.0,0.0
3,121,0.00025,16.2859,0.6113,0.9303,0.0,0.0
3,122,0.00025,16.2790,0.6093,0.9303,0.0,0.0
3,123,0.00025,16.2572,0.6104,0.9304,0.0,0.0
3,124,0.00025,16.2693,0.6124,0.9304,0.0,0.0
3,125,0.00025,16.2746,0.6127,0.9304,0.0,0.0
3,126,0.00025,16.2757,0.6106,0.9304,0.0,0.0
3,127,0.000125,16.2707,0.6101,0.9304,0.0,0.0
3,128,0.000125,16.2785,0.6099,0.9303,0.0,0.0
3,129,0.000125,16.2883,0.6099,0.9303,0.0,0.0
3,130,0.000125,16.2875,0.6105,0.9303,0.0,0.0
3,131,0.000125,16.2799,0.6102,0.9304,0.0,0.0
3,132,0.000125,16.2653,0.6099,0.9304,0.0,0.0
3,133,0.000125,16.2611,0.6117,0.9305,0.0,0.0
3,134,0.000125,16.2590,0.6109,0.9305,0.0,0.0
3,135,0.000125,16.2478,0.6097,0.9305,0.0,0.0
3,136,0.000125,16.2451,0.6095,0.9305,0.0,0.0
3,137,0.000125,16.2468,0.6089,0.9305,0.0,0.0
3,138,0.000125,16.2565,0.6108,0.9305,0.0,0.0
3,139,0.000125,16.2668,0.6122,0.9304,0.0,0.0
3,140,0.000125,16.2682,0.6117,0.9304,0.0,0.0
3,141,0.000125,16.2560,0.6095,0.9305,0.0,0.0
3,142,0.000125,16.2471,0.6095,0.9305,0.0,0.0
3,143,0.000125,16.2432,0.6107,0.9305,0.0,0.0
3,144,6.25e-05,16.2435,0.6109,0.9305,0.0,0.0
3,145,6.25e-05,16.2472,0.6107,0.9305,0.0,0.0
3,146,6.25e-05,16.2494,0.6104,0.9305,0.0,0.0
3,147,6.25e-05,16.2520,0.6106,0.9305,0.0,0.0
3,148,6.25e-05,16.2530,0.6108,0.9305,0.0,0.0
3,149,6.25e-05,16.2468,0.6104,0.9305,0.0,0.0
3,150,6.25e-05,16.2488,0.6106,0.9305,0.0,0.0
3,151,6.25e-05,16.2497,0.6102,0.9305,0.0,0.0
3,152,6.25e-05,16.2454,0.6104,0.9305,0.0,0.0
3,153,6.25e-05,16.2472,0.6101,0.9305,0.0,0.0
3,154,6.25e-05,16.2477,0.6101,0.9305,0.0,0.0
3,155,6.25e-05,16.2507,0.6106,0.9305,0.0,0.0
3,156,3.125e-05,16.2486,0.6105,0.9305,0.0,0.0
3,157,3.125e-05,16.2501,0.6105,0.9305,0.0,0.0
3,158,3.125e-05,16.2515,0.6105,0.9305,0.0,0.0
3,159,3.125e-05,16.2509,0.6100,0.9305,0.0,0.0
3,160,3.125e-05,16.2506,0.6102,0.9305,0.0,0.0
3,161,3.125e-05,16.2453,0.6102,0.9305,0.0,0.0
3,162,3.125e-05,16.2412,0.6099,0.9305,0.0,0.0
3,163,3.125e-05,16.2408,0.6095,0.9305,0.0,0.0
3,164,3.125e-05,16.2398,0.6095,0.9305,0.0,0.0
3,165,3.125e-05,16.2421,0.6096,0.9305,0.0,0.0
3,166,3.125e-05,16.2416,0.6096,0.9305,0.0,0.0
3,167,3.125e-05,16.2424,0.6100,0.9305,0.0,0.0
3,168,1.5625e-05,16.2435,0.6101,0.9305,0.0,0.0
3,169,1.5625e-05,16.2420,0.6100,0.9305,0.0,0.0
3,170,1.5625e-05,16.2408,0.6099,0.9305,0.0,0.0
3,171,1.5625e-05,16.2419,0.6100,0.9305,0.0,0.0
3,172,1.5625e-05,16.2420,0.6102,0.9305,0.0,0.0
3,173,1.5625e-05,16.2421,0.6101,0.9305,0.0,0.0
3,174,1.5625e-05,16.2427,0.6102,0.9305,0.0,0.0
3,175,1.5625e-05,16.2437,0.6103,0.9305,0.0,0.0
3,176,1.5625e-05,16.2455,0.6102,0.9305,0.0,0.0
3,177,1.5625e-05,16.2472,0.6102,0.9305,0.0,0.0
3,178,1.5625e-05,16.2480,0.6102,0.9305,0.0,0.0
3,179,1.5625e-05,16.2462,0.6100,0.9305,0.0,0.0
3,180,7.8125e-06,16.2450,0.6099,0.9305,0.0,0.0
3,181,7.8125e-06,16.2447,0.6099,0.9305,0.0,0.0
3,182,7.8125e-06,16.2446,0.6098,0.9305,0.0,0.0
3,183,7.8125e-06,16.2451,0.6099,0.9305,0.0,0.0
3,184,7.8125e-06,16.2442,0.6099,0.9305,0.0,0.0
3,185,7.8125e-06,16.2436,0.6098,0.9305,0.0,0.0
3,186,7.8125e-06,16.2436,0.6098,0.9305,0.0,0.0
3,187,7.8125e-06,16.2443,0.6099,0.9305,0.0,0.0
3,188,7.8125e-06,16.2449,0.6100,0.9305,0.0,0.0
3,189,7.8125e-06,16.2444,0.6101,0.9305,0.0,0.0
3,190,7.8125e-06,16.2438,0.6100,0.9305,0.0,0.0
3,191,7.8125e-06,16.2440,0.6100,0.9305,0.0,0.0
3,192,3.90625e-06,16.2441,0.6100,0.9305,0.0,0.0
3,193,3.90625e-06,16.2448,0.6100,0.9305,0.0,0.0
3,194,3.90625e-06,16.2445,0.6100,0.9305,0.0,0.0
3,195,3.90625e-06,16.2441,0.6099,0.9305,0.0,0.0
3,196,3.90625e-06,16.2438,0.6100,0.9305,0.0,0.0
3,197,3.90625e-06,16.2434,0.6100,0.9305,0.0,0.0
3,198,3.90625e-06,16.2432,0.6099,0.9305,0.0,0.0
3,199,3.90625e-06,16.2428,0.6099,0.9305,0.0,0.0
4,0,0.002,41.9345,0.7925,0.8268,0.0,0.0
4,1,0.002,35.4489,1.0786,0.8455,0.0,0.0
4,2,0.002,33.9867,1.1062,0.8580,0.0,0.0
4,3,0.002,30.6811,0.9664,0.8673,0.0,0.0
4,4,0.002,29.7343,0.8409,0.8704,0.0,0.0
4,5,0.002,28.3115,1.0345,0.8766,0.0,0.0
4,6,0.002,27.3009,0.8167,0.8802,0.0,0.0
4,7,0.002,26.7272,0.8463,0.8828,0.0,0.0
4,8,0.002,26.1040,0.8142,0.8860,0.0,0.0
4,9,0.002,25.7023,0.8067,0.8878,0.0,0.0
4,10,0.002,25.4164,0.7718,0.8893,0.0,0.0
4,11,0.002,25.1038,0.7934,0.8910,0.0,0.0
4,12,0.002,24.9553,0.7653,0.8915,0.0,0.0
4,13,0.002,24.8148,0.7519,0.8920,0.0,0.0
4,14,0.002,24.7103,0.7444,0.8928,0.0,0.0
4,15,0.002,24.6438,0.7459,0.8932,0.0,0.0
4,16,0.002,24.4902,0.7439,0.8936,0.0,0.0
4,17,0.002,24.3876,0.7353,0.8938,0.0,0.0
4,18,0.002,24.3231,0.7496,0.8946,0.0,0.0
4,19,0.002,24.2501,0.7399,0.8950,0.0,0.0
4,20,0.002,24.1394,0.7313,0.8954,0.0,0.0
4,21,0.002,24.0578,0.7435,0.8960,0.0,0.0
4,22,0.002,23.9998,0.7257,0.8961,0.0,0.0
4,23,0.002,24.0916,0.7403,0.8960,0.0,0.0
4,24,0.002,23.9031,0.7147,0.8966,0.0,0.0
4,25,0.002,23.8567,0.7286,0.8969,0.0,0.0
4,26,0.002,23.7008,0.7198,0.8977,0.0,0.0
4,27,0.002,23.7747,0.7321,0.8976,0.0,0.0
4,28,0.002,23.6738,0.7081,0.8977,0.0,0.0
4,29,0.002,23.6799,0.7289,0.8980,0.0,0.0
4,30,0.002,23.5853,0.7096,0.8984,0.0,0.0
4,31,0.002,23.6831,0.7202,0.8982,0.0,0.0
4,32,0.002,23.3689,0.7069,0.8994,0.0,0.0
4,33,0.002,23.4163,0.7121,0.8994,0.0,0.0
4,34,0.002,23.4603,0.7039,0.8990,0.0,0.0
4,35,0.002,23.4437,0.7226,0.8993,0.0,0.0
4,36,0.002,23.3215,0.6937,0.8998,0.0,0.0
4,37,0.002,23.2732,0.7235,0.8999,0.0,0.0
4,38,0.002,23.2540,0.6985,0.8997,0.0,0.0
4,39,0.002,23.1349,0.7089,0.9003,0.0,0.0
4,40,0.002,23.1976,0.7055,0.9003,0.0,0.0
4,41,0.002,23.0827,0.7014,0.9006,0.0,0.0
4,42,0.002,23.0336,0.7008,0.9008,0.0,0.0
4,43,0.002,23.2388,0.7158,0.9003,0.0,0.0
4,44,0.002,22.9566,0.6909,0.9011,0.0,0.0
4,45,0.002,23.3021,0.7202,0.9001,0.0,0.0
4,46,0.002,22.9591,0.6855,0.9012,0.0,0.0
4,47,0.002,23.1583,0.7033,0.9007,0.0,0.0
4,48,0.002,22.8246,0.6978,0.9017,0.0,0.0
4,49,0.002,22.8306,0.6979,0.9018,0.0,0.0
4,50,0.002,22.7205,0.6992,0.9023,0.0,0.0
4,51,0.002,22.7828,0.6906,0.9022,0.0,0.0
4,52,0.002,22.6883,0.7011,0.9025,0.0,0.0
4,53,0.002,22.6489,0.6870,0.9026,0.0,0.0
4,54,0.002,22.6441,0.7058,0.9029,0.0,0.0
4,55,0.002,22.7224,0.6896,0.9026,0.0,0.0
4,56,0.002,22.5036,0.7061,0.9035,0.0,0.0
4,57,0.002,22.5254,0.6824,0.9035,0.0,0.0
4,58,0.002,22.5442,0.7083,0.9034,0.0,0.0
4,59,0.002,22.4816,0.6799,0.9036,0.0,0.0
4,60,0.002,22.6362,0.6896,0.9031,0.0,0.0
4,61,0.002,22.4909,0.7001,0.9034,0.0,0.0
4,62,0.002,22.6392,0.6785,0.9030,0.0,0.0
4,63,0.002,22.5108,0.6966,0.9039,0.0,0.0
4,64,0.002,22.4799,0.6829,0.9037,0.0,0.0
4,65,0.002,22.3408,0.7059,0.9044,0.0,0.0
4,66,0.002,22.3780,0.6774,0.9042,0.0,0.0
4,67,0.002,22.2908,0.6936,0.9044,0.0,0.0
4,68,0.002,22.3057,0.6844,0.9045,0.0,0.0
4,69,0.002,22.3118,0.6899,0.9045,0.0,0.0
4,70,0.002,22.1915,0.6809,0.9049,0.0,0.0
4,71,0.002,22.1635,0.6844,0.9052,0.0,0.0
4,72,0.002,22.3086,0.6907,0.9049,0.0,0.0
4,73,0.002,22.0798,0.6782,0.9056,0.0,0.0
4,74,0.002,22.1802,0.6915,0.9051,0.0,0.0
4,75,0.002,22.1146,0.6807,0.9053,0.0,0.0
4,76,0.002,22.2051,0.6764,0.9052,0.0,0.0
4,77,0.002,22.0045,0.6900,0.9058,0.0,0.0
4,78,0.002,22.0052,0.6737,0.9060,0.0,0.0
4,79,0.002,21.9987,0.6894,0.9063,0.0,0.0
4,80,0.002,21.9998,0.6672,0.9057,0.0,0.0
4,81,0.002,22.0409,0.6946,0.9060,0.0,0.0
4,82,0.002,21.9662,0.6672,0.9064,0.0,0.0
4,83,0.001,21.9380,0.6845,0.9064,0.0,0.0
4,84,0.001,21.9024,0.6763,0.9065,0.0,0.0
4,85,0.001,21.9040,0.6793,0.9066,0.0,0.0
4,86,0.001,21.8761,0.6773,0.9067,0.0,0.0
4,87,0.001,21.9084,0.6745,0.9067,0.0,0.0
4,88,0.001,21.8443,0.6770,0.9069,0.0,0.0
4,89,0.001,21.8094,0.6764,0.9070,0.0,0.0
4,90,0.001,21.8165,0.6770,0.9070,0.0,0.0
4,91,0.001,21.8434,0.6736,0.9069,0.0,0.0
4,92,0.001,21.8770,0.6801,0.9068,0.0,0.0
4,93,0.001,21.8608,0.6732,0.9069,0.0,0.0
4,94,0.001,21.7879,0.6738,0.9072,0.0,0.0
4,95,0.001,21.7950,0.6774,0.9071,0.0,0.0
4,96,0.0005,21.7948,0.6726,0.9071,0.0,0.0
4,97,0.0005,21.8141,0.6720,0.9071,0.0,0.0
4,98,0.0005,21.8033,0.6759,0.9072,0.0,0.0
4,99,0.0005,21.8029,0.6757,0.9072,0.0,0.0
4,100,0.0005,21.7905,0.6718,0.9072,0.0,0.0
4,101,0.0005,21.7686,0.6750,0.9072,0.0,0.0
4,102,0.0005,21.7743,0.6727,0.9072,0.0,0.0
4,103,0.0005,21.7951,0.6740,0.9073,0.0,0.0
4,104,0.0005,21.7935,0.6733,0.9073,0.0,0.0
4,105,0.0005,21.7593,0.6736,0.9074,0.0,0.0
4,106,0.0005,21.7671,0.6749,0.9074,0.0,0.0
4,107,0.0005,21.7865,0.6757,0.9073,0.0,0.0
4,108,0.00025,21.7727,0.6744,0.9074,0.0,0.0
4,109,0.00025,21.7320,0.6736,0.9075,0.0,0.0
4,110,0.00025,21.7365,0.6725,0.9075,0.0,0.0
4,111,0.00025,21.7731,0.6744,0.9074,0.0,0.0
4,112,0.00025,21.7746,0.6725,0.9074,0.0,0.0
4,113,0.00025,21.7478,0.6722,0.9075,0.0,0.0
4,114,0.00025,21.7347,0.6735,0.9075,0.0,0.0
4,115,0.00025,21.7416,0.6728,0.9075,0.0,0.0
4,116,0.00025,21.7580,0.6720,0.9074,0.0,0.0
4,117,0.00025,21.7520,0.6715,0.9075,0.0,0.0
4,118,0.00025,21.7532,0.6715,0.9075,0.0,0.0
4,119,0.00025,21.7772,0.6734,0.9074,0.0,0.0
4,120,0.000125,21.7677,0.6727,0.9074,0.0,0.0
4,121,0.000125,21.7512,0.6718,0.9075,0.0,0.0
4,122,0.000125,21.7450,0.6712,0.9075,0.0,0.0
4,123,0.000125,21.7402,0.6718,0.9075,0.0,0.0
4,124,0.000125,21.7477,0.6729,0.9075,0.0,0.0
4,125,0.000125,21.7418,0.6722,0.9075,0.0,0.0
4,126,0.000125,21.7453,0.6721,0.9075,0.0,0.0
4,127,0.000125,21.7430,0.6718,0.9075,0.0,0.0
4,128,0.000125,21.7422,0.6720,0.9075,0.0,0.0
4,129,0.000125,21.7389,0.6714,0.9075,0.0,0.0
4,130,0.000125,21.7420,0.6723,0.9075,0.0,0.0
4,131,0.000125,21.7381,0.6724,0.9075,0.0,0.0
4,132,6.25e-05,21.7344,0.6721,0.9075,0.0,0.0
4,133,6.25e-05,21.7352,0.6718,0.9075,0.0,0.0
4,134,6.25e-05,21.7286,0.6716,0.9075,0.0,0.0
4,135,6.25e-05,21.7249,0.6715,0.9075,0.0,0.0
4,136,6.25e-05,21.7246,0.6716,0.9076,0.0,0.0
4,137,6.25e-05,21.7244,0.6716,0.9076,0.0,0.0
4,138,6.25e-05,21.7225,0.6714,0.9076,0.0,0.0
4,139,6.25e-05,21.7287,0.6719,0.9075,0.0,0.0
4,140,6.25e-05,21.7313,0.6721,0.9075,0.0,0.0
4,141,6.25e-05,21.7258,0.6720,0.9076,0.0,0.0
4,142,6.25e-05,21.7241,0.6719,0.9076,0.0,0.0
4,143,6.25e-05,21.7278,0.6721,0.9076,0.0,0.0
4,144,3.125e-05,21.7303,0.6724,0.9075,0.0,0.0
4,145,3.125e-05,21.7324,0.6723,0.9075,0.0,0.0
4,146,3.125e-05,21.7316,0.6722,0.9075,0.0,0.0
4,147,3.125e-05,21.7288,0.6720,0.9076,0.0,0.0
4,148,3.125e-05,21.7267,0.6721,0.9076,0.0,0.0
4,149,3.125e-05,21.7261,0.6722,0.9076,0.0,0.0
4,150,3.125e-05,21.7259,0.6721,0.9076,0.0,0.0
4,151,3.125e-05,21.7252,0.6721,0.9076,0.0,0.0
4,152,3.125e-05,21.7281,0.6722,0.9076,0.0,0.0
4,153,3.125e-05,21.7301,0.6723,0.9076,0.0,0.0
4,154,3.125e-05,21.7312,0.6722,0.9075,0.0,0.0
4,155,3.125e-05,21.7326,0.6720,0.9075,0.0,0.0
4,156,1.5625e-05,21.7309,0.6718,0.9075,0.0,0.0
4,157,1.5625e-05,21.7303,0.6719,0.9076,0.0,0.0
4,158,1.5625e-05,21.7276,0.6717,0.9076,0.0,0.0
4,159,1.5625e-05,21.7262,0.6716,0.9076,0.0,0.0
4,160,1.5625e-05,21.7264,0.6716,0.9076,0.0,0.0
4,161,1.5625e-05,21.7267,0.6717,0.9076,0.0,0.0
4,162,1.5625e-05,21.7275,0.6717,0.9076,0.0,0.0
4,163,1.5625e-05,21.7274,0.6717,0.9076,0.0,0.0
4,164,1.5625e-05,21.7268,0.6717,0.9076,0.0,0.0
4,165,1.5625e-05,21.7270,0.6717,0.9076,0.0,0.0
4,166,1.5625e-05,21.7270,0.6716,0.9076,0.0,0.0
4,167,1.5625e-05,21.7272,0.6717,0.9076,0.0,0.0
4,168,7.8125e-06,21.7270,0.6717,0.9076,0.0,0.0
4,169,7.8125e-06,21.7263,0.6717,0.9076,0.0,0.0
4,170,7.8125e-06,21.7266,0.6717,0.9076,0.0,0.0
4,171,7.8125e-06,21.7270,0.6717,0.9076,0.0,0.0
4,172,7.8125e-06,21.7271,0.6717,0.9076,0.0,0.0
4,173,7.8125e-06,21.7267,0.6717,0.9076,0.0,0.0
4,174,7.8125e-06,21.7267,0.6717,0.9076,0.0,0.0
4,175,7.8125e-06,21.7268,0.6717,0.9076,0.0,0.0
4,176,7.8125e-06,21.7271,0.6717,0.9076,0.0,0.0
4,177,7.8125e-06,21.7272,0.6717,0.9076,0.0,0.0
4,178,7.8125e-06,21.7269,0.6717,0.9076,0.0,0.0
4,179,7.8125e-06,21.7269,0.6717,0.9076,0.0,0.0
4,180,3.90625e-06,21.7268,0.6717,0.9076,0.0,0.0
4,181,3.90625e-06,21.7263,0.6716,0.9076,0.0,0.0
4,182,3.90625e-06,21.7263,0.6716,0.9076,0.0,0.0
4,183,3.90625e-06,21.7260,0.6717,0.9076,0.0,0.0
4,184,3.90625e-06,21.7263,0.6717,0.9076,0.0,0.0
4,185,3.90625e-06,21.7266,0.6717,0.9076,0.0,0.0
4,186,3.90625e-06,21.7265,0.6717,0.9076,0.0,0.0
4,187,3.90625e-06,21.7266,0.6717,0.9076,0.0,0.0
4,188,3.90625e-06,21.7264,0.6717,0.9076,0.0,0.0
4,189,3.90625e-06,21.7261,0.6717,0.9076,0.0,0.0
4,190,3.90625e-06,21.7260,0.6717,0.9076,0.0,0.0
4,191,3.90625e-06,21.7258,0.6717,0.9076,0.0,0.0
4,192,3.90625e-06,21.7258,0.6717,0.9076,0.0,0.0
4,193,3.90625e-06,21.7257,0.6717,0.9076,0.0,0.0
4,194,3.90625e-06,21.7257,0.6717,0.9076,0.0,0.0
4,195,1.953125e-06,21.7258,0.6717,0.9076,0.0,0.0
4,196,1.953125e-06,21.7261,0.6717,0.9076,0.0,0.0
4,197,1.953125e-06,21.7261,0.6717,0.9076,0.0,0.0
4,198,1.953125e-06,21.7264,0.6717,0.9076,0.0,0.0
4,199,1.953125e-06,21.7264,0.6717,0.9076,0.0,0.0
5,0,0.002,43.9942,0.7334,0.8225,0.0,0.0
5,1,0.002,38.0767,0.7210,0.8431,0.0,0.0
5,2,0.002,36.3967,0.8873,0.8513,0.0,0.0
5,3,0.002,34.5524,0.8037,0.8595,0.0,0.0
5,4,0.002,33.5289,0.6851,0.8587,0.0,0.0
5,5,0.002,31.7151,0.7377,0.8686,0.0,0.0
5,6,0.002,30.9332,0.6772,0.8703,0.0,0.0
5,7,0.002,30.4683,0.6701,0.8729,0.0,0.0
5,8,0.002,29.7601,0.6206,0.8744,0.0,0.0
5,9,0.002,29.0752,0.6365,0.8774,0.0,0.0
5,10,0.002,28.8648,0.6234,0.8779,0.0,0.0
5,11,0.002,28.8810,0.6100,0.8775,0.0,0.0
5,12,0.002,28.7314,0.6053,0.8783,0.0,0.0
5,13,0.002,28.5279,0.6164,0.8785,0.0,0.0
5,14,0.002,28.1140,0.5972,0.8806,0.0,0.0
5,15,0.002,28.2105,0.6022,0.8800,0.0,0.0
5,16,0.002,27.8604,0.6030,0.8820,0.0,0.0
5,17,0.002,27.8184,0.5993,0.8816,0.0,0.0
5,18,0.002,27.6269,0.5878,0.8826,0.0,0.0
5,19,0.002,27.7288,0.5913,0.8820,0.0,0.0
5,20,0.002,27.6077,0.5851,0.8826,0.0,0.0
5,21,0.002,27.5204,0.5865,0.8829,0.0,0.0
5,22,0.002,27.4037,0.5880,0.8835,0.0,0.0
5,23,0.002,27.2888,0.5793,0.8837,0.0,0.0
5,24,0.002,27.0817,0.5761,0.8848,0.0,0.0
5,25,0.002,27.0396,0.5792,0.8848,0.0,0.0
5,26,0.002,27.0813,0.5773,0.8848,0.0,0.0
5,27,0.002,26.9994,0.5702,0.8849,0.0,0.0
5,28,0.002,26.9516,0.5807,0.8850,0.0,0.0
5,29,0.002,27.0217,0.5693,0.8850,0.0,0.0
5,30,0.002,26.9546,0.5667,0.8852,0.0,0.0
5,31,0.002,26.9525,0.5802,0.8849,0.0,0.0
5,32,0.002,27.1220,0.5608,0.8849,0.0,0.0
5,33,0.002,27.2450,0.5870,0.8838,0.0,0.0
5,34,0.002,26.9494,0.5610,0.8855,0.0,0.0
5,35,0.002,27.0093,0.5734,0.8844,0.0,0.0
5,36,0.002,26.9700,0.5623,0.8855,0.0,0.0
5,37,0.002,26.9280,0.5775,0.8849,0.0,0.0
5,38,0.002,26.6898,0.5632,0.8862,0.0,0.0
5,39,0.002,26.8043,0.5649,0.8855,0.0,0.0
5,40,0.002,26.7820,0.5611,0.8860,0.0,0.0
5,41,0.002,26.4600,0.5672,0.8871,0.0,0.0
5,42,0.002,26.4526,0.5667,0.8870,0.0,0.0
5,43,0.002,26.7490,0.5673,0.8856,0.0,0.0
5,44,0.002,26.5892,0.5621,0.8867,0.0,0.0
5,45,0.002,26.5480,0.5664,0.8865,0.0,0.0
5,46,0.002,26.6761,0.5584,0.8863,0.0,0.0
5,47,0.002,26.6045,0.5645,0.8863,0.0,0.0
5,48,0.002,26.5135,0.5621,0.8871,0.0,0.0
5,49,0.002,26.4445,0.5607,0.8869,0.0,0.0
5,50,0.002,26.3923,0.5596,0.8871,0.0,0.0
5,51,0.002,26.3869,0.5575,0.8873,0.0,0.0
5,52,0.002,26.5975,0.5727,0.8862,0.0,0.0
5,53,0.002,26.5091,0.5414,0.8871,0.0,0.0
5,54,0.002,26.4356,0.5716,0.8870,0.0,0.0
5,55,0.002,26.3328,0.5532,0.8877,0.0,0.0
5,56,0.002,26.7090,0.5576,0.8854,0.0,0.0
5,57,0.002,26.4085,0.5600,0.8873,0.0,0.0
5,58,0.002,26.3968,0.5618,0.8870,0.0,0.0
5,59,0.002,26.3800,0.5437,0.8874,0.0,0.0
5,60,0.002,26.3671,0.5589,0.8871,0.0,0.0
5,61,0.002,26.1139,0.5576,0.8884,0.0,0.0
5,62,0.002,26.3346,0.5529,0.8872,0.0,0.0
5,63,0.002,26.1834,0.5524,0.8880,0.0,0.0
5,64,0.002,26.0713,0.5518,0.8884,0.0,0.0
5,65,0.002,26.1762,0.5578,0.8879,0.0,0.0
5,66,0.002,26.1554,0.5506,0.8881,0.0,0.0
5,67,0.002,26.1022,0.5496,0.8884,0.0,0.0
5,68,0.002,26.0424,0.5526,0.8884,0.0,0.0
5,69,0.002,26.0300,0.5470,0.8887,0.0,0.0
5,70,0.002,26.0851,0.5626,0.8881,0.0,0.0
5,71,0.002,25.9889,0.5464,0.8889,0.0,0.0
5,72,0.002,26.0517,0.5512,0.8884,0.0,0.0
5,73,0.002,26.0328,0.5619,0.8886,0.0,0.0
5,74,0.002,26.0756,0.5400,0.8887,0.0,0.0
5,75,0.001,26.0535,0.5591,0.8883,0.0,0.0
5,76,0.001,25.9749,0.5538,0.8887,0.0,0.0
5,77,0.001,25.9578,0.5511,0.8888,0.0,0.0
5,78,0.001,25.9273,0.5508,0.8889,0.0,0.0
5,79,0.001,25.8939,0.5445,0.8890,0.0,0.0
5,80,0.001,25.9273,0.5524,0.8889,0.0,0.0
5,81,0.001,25.8714,0.5547,0.8891,0.0,0.0
5,82,0.001,25.8160,0.5496,0.8894,0.0,0.0
5,83,0.001,25.8194,0.5514,0.8894,0.0,0.0
5,84,0.001,25.8911,0.5478,0.8890,0.0,0.0
5,85,0.001,25.8409,0.5474,0.8893,0.0,0.0
5,86,0.001,25.8011,0.5487,0.8894,0.0,0.0
5,87,0.001,25.8593,0.5513,0.8890,0.0,0.0
5,88,0.001,25.8064,0.5491,0.8893,0.0,0.0
5,89,0.0005,25.7946,0.5493,0.8894,0.0,0.0
5,90,0.0005,25.7851,0.5488,0.8893,0.0,0.0
5,91,0.0005,25.7629,0.5485,0.8895,0.0,0.0
5,92,0.0005,25.7647,0.5489,0.8896,0.0,0.0
5,93,0.0005,25.7814,0.5503,0.8894,0.0,0.0
5,94,0.0005,25.7723,0.5468,0.8895,0.0,0.0
5,95,0.0005,25.8250,0.5471,0.8892,0.0,0.0
5,96,0.0005,25.7817,0.5499,0.8894,0.0,0.0
5,97,0.0005,25.7959,0.5494,0.8893,0.0,0.0
5,98,0.0005,25.7825,0.5484,0.8893,0.0,0.0
5,99,0.0005,25.7367,0.5492,0.8896,0.0,0.0
5,100,0.0005,25.7222,0.5477,0.8896,0.0,0.0
6,0,0.002,33.0074,0.7886,0.8700,0.0,0.0
6,1,0.002,33.7169,0.8298,0.8667,0.0,0.0
6,2,0.002,29.8397,0.8619,0.8792,0.0,0.0
6,3,0.002,27.0686,0.7282,0.8920,0.0,0.0
6,4,0.002,26.2639,0.8133,0.8951,0.0,0.0
6,5,0.002,25.8334,0.7592,0.8962,0.0,0.0
6,6,0.002,25.4153,0.7560,0.8986,0.0,0.0
6,7,0.002,25.4509,0.7538,0.8978,0.0,0.0
6,8,0.002,25.0621,0.7329,0.8998,0.0,0.0
6,9,0.002,24.9838,0.7445,0.8999,0.0,0.0
6,10,0.002,24.8570,0.7265,0.9006,0.0,0.0
6,11,0.002,24.7140,0.7329,0.9010,0.0,0.0
6,12,0.002,24.5445,0.7195,0.9018,0.0,0.0
6,13,0.002,24.5102,0.7244,0.9019,0.0,0.0
6,14,0.002,24.4269,0.7251,0.9022,0.0,0.0
6,15,0.002,24.4511,0.7111,0.9021,0.0,0.0
6,16,0.002,24.4175,0.7223,0.9022,0.0,0.0
6,17,0.002,24.3211,0.7200,0.9025,0.0,0.0
6,18,0.002,24.1703,0.7145,0.9032,0.0,0.0
6,19,0.002,24.2556,0.7173,0.9028,0.0,0.0
6,20,0.002,24.3725,0.7132,0.9023,0.0,0.0
6,21,0.002,24.3705,0.7175,0.9022,0.0,0.0
6,22,0.002,24.0949,0.7095,0.9035,0.0,0.0
6,23,0.002,24.2261,0.7101,0.9028,0.0,0.0
6,24,0.002,24.2088,0.7122,0.9030,0.0,0.0
6,25,0.002,24.3104,0.7001,0.9025,0.0,0.0
6,26,0.002,24.2178,0.7130,0.9029,0.0,0.0
6,27,0.002,24.1444,0.7056,0.9031,0.0,0.0
6,28,0.002,24.2816,0.7053,0.9025,0.0,0.0
6,29,0.002,24.1558,0.6979,0.9032,0.0,0.0
6,30,0.002,24.1709,0.7070,0.9028,0.0,0.0
6,31,0.002,24.1607,0.7027,0.9031,0.0,0.0
6,32,0.002,24.1336,0.6946,0.9031,0.0,0.0
6,33,0.002,24.2916,0.7131,0.9023,0.0,0.0
6,34,0.002,24.2496,0.6892,0.9029,0.0,0.0
6,35,0.002,24.2885,0.7038,0.9023,0.0,0.0
6,36,0.002,24.1136,0.6963,0.9032,0.0,0.0
6,37,0.002,24.2470,0.6903,0.9028,0.0,0.0
6,38,0.002,24.3991,0.7021,0.9017,0.0,0.0
6,39,0.002,24.1113,0.6994,0.9031,0.0,0.0
6,40,0.002,24.2107,0.6926,0.9027,0.0,0.0
6,41,0.002,24.2080,0.6993,0.9026,0.0,0.0
6,42,0.002,24.1986,0.6932,0.9027,0.0,0.0
6,43,0.002,24.1950,0.6877,0.9026,0.0,0.0
6,44,0.002,24.1983,0.6996,0.9026,0.0,0.0
6,45,0.002,24.1092,0.6938,0.9031,0.0,0.0
6,46,0.002,24.2224,0.6925,0.9024,0.0,0.0
6,47,0.002,24.1397,0.6928,0.9029,0.0,0.0
6,48,0.002,24.1954,0.6883,0.9025,0.0,0.0
6,49,0.002,24.1183,0.6984,0.9030,0.0,0.0
6,50,0.002,24.1169,0.6877,0.9029,0.0,0.0
6,51,0.002,24.1688,0.6904,0.9027,0.0,0.0
6,52,0.002,24.1235,0.6892,0.9029,0.0,0.0
6,53,0.002,24.1265,0.6974,0.9027,0.0,0.0
6,54,0.002,24.1291,0.6795,0.9029,0.0,0.0
6,55,0.002,24.2531,0.6878,0.9022,0.0,0.0
6,56,0.002,24.1307,0.6904,0.9028,0.0,0.0
6,57,0.002,24.0688,0.6895,0.9031,0.0,0.0
6,58,0.002,24.0775,0.6823,0.9030,0.0,0.0
6,59,0.002,24.0342,0.6884,0.9032,0.0,0.0
6,60,0.002,24.0427,0.6836,0.9033,0.0,0.0
6,61,0.002,23.9818,0.6782,0.9035,0.0,0.0
6,62,0.002,24.1067,0.6842,0.9028,0.0,0.0
6,63,0.002,24.2989,0.6913,0.9019,0.0,0.0
6,64,0.002,23.9857,0.6864,0.9035,0.0,0.0
6,65,0.002,23.9717,0.6744,0.9035,0.0,0.0
6,66,0.002,23.9418,0.6805,0.9036,0.0,0.0
6,67,0.002,24.2484,0.6885,0.9021,0.0,0.0
6,68,0.002,23.9727,0.6820,0.9035,0.0,0.0
6,69,0.002,24.1289,0.6819,0.9026,0.0,0.0
6,70,0.002,24.0604,0.6852,0.9030,0.0,0.0
6,71,0.002,24.0739,0.6751,0.9030,0.0,0.0
6,72,0.002,23.9867,0.6818,0.9035,0.0,0.0
6,73,0.002,24.0057,0.6750,0.9031,0.0,0.0
6,74,0.002,24.0595,0.6845,0.9030,0.0,0.0
6,75,0.002,23.9379,0.6748,0.9036,0.0,0.0
6,76,0.002,24.0040,0.6814,0.9033,0.0,0.0
6,77,0.002,23.9629,0.6693,0.9034,0.0,0.0
6,78,0.002,24.0024,0.6779,0.9032,0.0,0.0
6,79,0.002,23.9510,0.6788,0.9034,0.0,0.0
6,80,0.002,23.9855,0.6725,0.9034,0.0,0.0
6,81,0.002,24.1644,0.6781,0.9023,0.0,0.0
6,82,0.002,24.1136,0.6830,0.9026,0.0,0.0
6,83,0.002,23.9733,0.6672,0.9036,0.0,0.0
6,84,0.002,24.0573,0.6676,0.9029,0.0,0.0
6,85,0.002,24.1469,0.6861,0.9025,0.0,0.0
6,86,0.002,23.9157,0.6662,0.9037,0.0,0.0
6,87,0.002,24.1079,0.6813,0.9026,0.0,0.0
6,88,0.001,23.9713,0.6687,0.9034,0.0,0.0
6,89,0.001,24.0585,0.6718,0.9029,0.0,0.0
6,90,0.001,23.9586,0.6738,0.9034,0.0,0.0
6,91,0.001,23.9707,0.6722,0.9033,0.0,0.0
6,92,0.001,23.9557,0.6717,0.9033,0.0,0.0
6,93,0.001,23.9941,0.6736,0.9032,0.0,0.0
6,94,0.001,23.9263,0.6674,0.9035,0.0,0.0
6,95,0.001,24.0814,0.6738,0.9027,0.0,0.0
6,96,0.001,23.9402,0.6682,0.9034,0.0,0.0
6,97,0.001,24.0029,0.6734,0.9032,0.0,0.0
6,98,0.001,24.0248,0.6718,0.9030,0.0,0.0
6,99,0.001,23.9298,0.6697,0.9034,0.0,0.0
6,100,0.001,24.0676,0.6704,0.9028,0.0,0.0
6,101,0.0005,23.9804,0.6690,0.9032,0.0,0.0
6,102,0.0005,23.9472,0.6712,0.9034,0.0,0.0
6,103,0.0005,24.0296,0.6752,0.9030,0.0,0.0
6,104,0.0005,23.9751,0.6671,0.9032,0.0,0.0
6,105,0.0005,23.9770,0.6686,0.9032,0.0,0.0
6,106,0.0005,24.0054,0.6702,0.9031,0.0,0.0
6,107,0.0005,24.0351,0.6704,0.9029,0.0,0.0
6,108,0.0005,23.9826,0.6705,0.9032,0.0,0.0
6,109,0.0005,23.9698,0.6708,0.9032,0.0,0.0
6,110,0.0005,24.0023,0.6692,0.9031,0.0,0.0
6,111,0.0005,23.9787,0.6685,0.9032,0.0,0.0
6,112,0.0005,24.0110,0.6700,0.9031,0.0,0.0
6,113,0.00025,23.9867,0.6697,0.9032,0.0,0.0
6,114,0.00025,23.9955,0.6680,0.9031,0.0,0.0
6,115,0.00025,23.9723,0.6684,0.9033,0.0,0.0
6,116,0.00025,23.9873,0.6694,0.9032,0.0,0.0
6,117,0.00025,24.0406,0.6693,0.9029,0.0,0.0
6,118,0.00025,23.9980,0.6678,0.9031,0.0,0.0
6,119,0.00025,23.9372,0.6690,0.9034,0.0,0.0
6,120,0.00025,23.9787,0.6701,0.9032,0.0,0.0
6,121,0.00025,23.9987,0.6691,0.9031,0.0,0.0
6,122,0.00025,24.0302,0.6686,0.9029,0.0,0.0
6,123,0.00025,23.9702,0.6682,0.9032,0.0,0.0
6,124,0.00025,23.9744,0.6685,0.9032,0.0,0.0
6,125,0.000125,23.9899,0.6688,0.9031,0.0,0.0
6,126,0.000125,24.0027,0.6694,0.9031,0.0,0.0
6,127,0.000125,23.9876,0.6689,0.9032,0.0,0.0
6,128,0.000125,23.9706,0.6688,0.9032,0.0,0.0
6,129,0.000125,23.9783,0.6691,0.9032,0.0,0.0
6,130,0.000125,23.9974,0.6691,0.9031,0.0,0.0
6,131,0.000125,23.9976,0.6685,0.9031,0.0,0.0
6,132,0.000125,23.9850,0.6681,0.9032,0.0,0.0
6,133,0.000125,23.9668,0.6684,0.9033,0.0,0.0
6,134,0.000125,23.9693,0.6689,0.9033,0.0,0.0
6,135,0.000125,23.9876,0.6689,0.9031,0.0,0.0
6,136,0.000125,24.0016,0.6687,0.9031,0.0,0.0
6,137,6.25e-05,23.9971,0.6687,0.9031,0.0,0.0
6,138,6.25e-05,23.9844,0.6685,0.9032,0.0,0.0
6,139,6.25e-05,23.9768,0.6684,0.9032,0.0,0.0
6,140,6.25e-05,23.9816,0.6685,0.9032,0.0,0.0
6,141,6.25e-05,23.9887,0.6688,0.9031,0.0,0.0
6,142,6.25e-05,23.9905,0.6688,0.9031,0.0,0.0
6,143,6.25e-05,23.9852,0.6686,0.9032,0.0,0.0
6,144,6.25e-05,23.9888,0.6687,0.9031,0.0,0.0
6,145,6.25e-05,23.9833,0.6685,0.9032,0.0,0.0
6,146,6.25e-05,23.9798,0.6683,0.9032,0.0,0.0
6,147,6.25e-05,23.9880,0.6684,0.9031,0.0,0.0
6,148,6.25e-05,23.9927,0.6685,0.9031,0.0,0.0
6,149,3.125e-05,23.9890,0.6685,0.9031,0.0,0.0
6,150,3.125e-05,23.9855,0.6685,0.9032,0.0,0.0
6,151,3.125e-05,23.9811,0.6684,0.9032,0.0,0.0
6,152,3.125e-05,23.9878,0.6686,0.9031,0.0,0.0
6,153,3.125e-05,23.9876,0.6684,0.9031,0.0,0.0
6,154,3.125e-05,23.9865,0.6684,0.9031,0.0,0.0
6,155,3.125e-05,23.9851,0.6684,0.9032,0.0,0.0
6,156,3.125e-05,23.9879,0.6685,0.9031,0.0,0.0
6,157,3.125e-05,23.9864,0.6685,0.9031,0.0,0.0
6,158,3.125e-05,23.9838,0.6685,0.9032,0.0,0.0
6,159,3.125e-05,23.9865,0.6685,0.9031,0.0,0.0
6,160,3.125e-05,23.9873,0.6685,0.9031,0.0,0.0
6,161,3.125e-05,23.9845,0.6685,0.9032,0.0,0.0
6,162,3.125e-05,23.9845,0.6684,0.9032,0.0,0.0
6,163,3.125e-05,23.9834,0.6683,0.9032,0.0,0.0
6,164,3.125e-05,23.9848,0.6685,0.9032,0.0,0.0
6,165,3.125e-05,23.9842,0.6683,0.9032,0.0,0.0
6,166,3.125e-05,23.9838,0.6684,0.9032,0.0,0.0
6,167,3.125e-05,23.9858,0.6683,0.9031,0.0,0.0
6,168,3.125e-05,23.9868,0.6684,0.9031,0.0,0.0
6,169,3.125e-05,23.9839,0.6684,0.9032,0.0,0.0
6,170,1.5625e-05,23.9832,0.6684,0.9032,0.0,0.0
6,171,1.5625e-05,23.9854,0.6684,0.9032,0.0,0.0
6,172,1.5625e-05,23.9849,0.6684,0.9032,0.0,0.0
6,173,1.5625e-05,23.9864,0.6685,0.9031,0.0,0.0
6,174,1.5625e-05,23.9849,0.6685,0.9032,0.0,0.0
6,175,1.5625e-05,23.9824,0.6684,0.9032,0.0,0.0
6,176,1.5625e-05,23.9847,0.6684,0.9032,0.0,0.0
6,177,1.5625e-05,23.9827,0.6684,0.9032,0.0,0.0
6,178,1.5625e-05,23.9833,0.6684,0.9032,0.0,0.0
6,179,1.5625e-05,23.9865,0.6684,0.9031,0.0,0.0
6,180,1.5625e-05,23.9857,0.6684,0.9031,0.0,0.0
6,181,1.5625e-05,23.9840,0.6684,0.9032,0.0,0.0
6,182,7.8125e-06,23.9834,0.6684,0.9032,0.0,0.0
6,183,7.8125e-06,23.9843,0.6684,0.9032,0.0,0.0
6,184,7.8125e-06,23.9834,0.6684,0.9032,0.0,0.0
6,185,7.8125e-06,23.9848,0.6684,0.9032,0.0,0.0
6,186,7.8125e-06,23.9857,0.6684,0.9031,0.0,0.0
6,187,7.8125e-06,23.9846,0.6684,0.9032,0.0,0.0
6,188,7.8125e-06,23.9846,0.6684,0.9032,0.0,0.0
6,189,7.8125e-06,23.9843,0.6684,0.9032,0.0,0.0
6,190,7.8125e-06,23.9844,0.6684,0.9032,0.0,0.0
6,191,7.8125e-06,23.9855,0.6684,0.9031,0.0,0.0
6,192,7.8125e-06,23.9844,0.6684,0.9032,0.0,0.0
6,193,7.8125e-06,23.9850,0.6683,0.9032,0.0,0.0
6,194,3.90625e-06,23.9853,0.6684,0.9031,0.0,0.0
6,195,3.90625e-06,23.9848,0.6684,0.9032,0.0,0.0
6,196,3.90625e-06,23.9848,0.6683,0.9032,0.0,0.0
6,197,3.90625e-06,23.9848,0.6684,0.9032,0.0,0.0
6,198,3.90625e-06,23.9845,0.6683,0.9032,0.0,0.0
6,199,3.90625e-06,23.9842,0.6683,0.9032,0.0,0.0
7,0,0.002,50.1582,0.9163,0.8289,0.0,0.0
7,1,0.002,50.6030,0.8075,0.8220,0.0,0.0
7,2,0.002,42.4055,0.9629,0.8492,0.0,0.0
7,3,0.002,38.1023,0.6355,0.8650,0.0,0.0
7,4,0.002,35.2165,0.7255,0.8716,0.0,0.0
7,5,0.002,34.2383,0.6276,0.8764,0.0,0.0
7,6,0.002,33.1610,0.6673,0.8788,0.0,0.0
7,7,0.002,32.6723,0.6596,0.8806,0.0,0.0
7,8,0.002,32.3336,0.6239,0.8816,0.0,0.0
7,9,0.002,32.0760,0.6605,0.8820,0.0,0.0
7,10,0.002,31.8838,0.6150,0.8834,0.0,0.0
7,11,0.002,31.6437,0.6429,0.8828,0.0,0.0
7,12,0.002,31.3662,0.6069,0.8848,0.0,0.0
7,13,0.002,31.1813,0.6232,0.8845,0.0,0.0
7,14,0.002,31.0084,0.6048,0.8856,0.0,0.0
7,15,0.002,31.0552,0.5983,0.8854,0.0,0.0
7,16,0.002,30.6620,0.6146,0.8866,0.0,0.0
7,17,0.002,30.5973,0.6002,0.8867,0.0,0.0
7,18,0.002,30.6300,0.5909,0.8871,0.0,0.0
7,19,0.002,30.5160,0.6024,0.8870,0.0,0.0
7,20,0.002,30.4490,0.5965,0.8875,0.0,0.0
7,21,0.002,30.3827,0.6024,0.8878,0.0,0.0
7,22,0.002,30.4648,0.5917,0.8868,0.0,0.0
7,23,0.002,30.1976,0.5813,0.8881,0.0,0.0
7,24,0.002,30.2177,0.6073,0.8876,0.0,0.0
7,25,0.002,29.9988,0.5893,0.8888,0.0,0.0
7,26,0.002,30.3060,0.5797,0.8879,0.0,0.0
7,27,0.002,30.2967,0.5934,0.8867,0.0,0.0
7,28,0.002,30.1455,0.5854,0.8884,0.0,0.0
7,29,0.002,29.8014,0.5992,0.8892,0.0,0.0
7,30,0.002,29.7721,0.5728,0.8895,0.0,0.0
7,31,0.002,29.6902,0.6013,0.8895,0.0,0.0
7,32,0.002,29.7987,0.5936,0.8887,0.0,0.0
7,33,0.002,29.5719,0.5867,0.8905,0.0,0.0
7,34,0.002,29.6082,0.5779,0.8899,0.0,0.0
7,35,0.002,29.7147,0.6034,0.8889,0.0,0.0
7,36,0.002,29.6955,0.5753,0.8905,0.0,0.0
7,37,0.002,29.6092,0.5904,0.8896,0.0,0.0
7,38,0.002,29.5744,0.5926,0.8902,0.0,0.0
7,39,0.002,29.3978,0.5876,0.8904,0.0,0.0
7,40,0.002,29.4495,0.5884,0.8900,0.0,0.0
7,41,0.002,29.5433,0.5726,0.8903,0.0,0.0
7,42,0.002,29.5940,0.5843,0.8892,0.0,0.0
7,43,0.002,29.2129,0.5929,0.8916,0.0,0.0
7,44,0.002,29.2674,0.5799,0.8909,0.0,0.0
7,45,0.002,29.3846,0.5775,0.8900,0.0,0.0
7,46,0.002,29.2039,0.5748,0.8918,0.0,0.0
7,47,0.002,29.2671,0.5816,0.8909,0.0,0.0
7,48,0.002,29.3838,0.5975,0.8899,0.0,0.0
7,49,0.002,29.3490,0.5659,0.8913,0.0,0.0
7,50,0.002,29.4251,0.5769,0.8899,0.0,0.0
7,51,0.002,29.1316,0.6048,0.8915,0.0,0.0
7,52,0.002,29.0449,0.5667,0.8917,0.0,0.0
7,53,0.002,29.0397,0.5784,0.8914,0.0,0.0
7,54,0.002,28.9867,0.5886,0.8921,0.0,0.0
7,55,0.002,28.9501,0.5642,0.8924,0.0,0.0
7,56,0.002,28.9551,0.5769,0.8919,0.0,0.0
7,57,0.002,28.9826,0.5971,0.8913,0.0,0.0
7,58,0.002,28.9913,0.5669,0.8920,0.0,0.0
7,59,0.002,28.9222,0.5783,0.8919,0.0,0.0
7,60,0.002,28.8001,0.5842,0.8930,0.0,0.0
7,61,0.002,29.0470,0.5723,0.8910,0.0,0.0
7,62,0.002,28.7445,0.5748,0.8929,0.0,0.0
7,63,0.002,28.7959,0.5808,0.8924,0.0,0.0
7,64,0.002,28.6735,0.5702,0.8934,0.0,0.0
7,65,0.002,28.6971,0.5713,0.8927,0.0,0.0
7,66,0.002,28.7637,0.5870,0.8925,0.0,0.0
7,67,0.002,28.7069,0.5653,0.8928,0.0,0.0
7,68,0.002,28.7748,0.5735,0.8925,0.0,0.0
7,69,0.002,28.7244,0.5736,0.8922,0.0,0.0
7,70,0.002,28.6078,0.5778,0.8933,0.0,0.0
7,71,0.002,28.5283,0.5716,0.8933,0.0,0.0
7,72,0.002,28.5401,0.5659,0.8931,0.0,0.0
7,73,0.002,28.6523,0.5560,0.8929,0.0,0.0
7,74,0.002,28.8428,0.5817,0.8914,0.0,0.0
7,75,0.002,28.5166,0.5679,0.8937,0.0,0.0
7,76,0.002,28.7883,0.5661,0.8922,0.0,0.0
7,77,0.002,28.6216,0.5667,0.8926,0.0,0.0
7,78,0.002,28.6000,0.5685,0.8928,0.0,0.0
7,79,0.002,28.5157,0.5698,0.8933,0.0,0.0
7,80,0.002,28.6654,0.5609,0.8924,0.0,0.0
7,81,0.002,28.5935,0.5713,0.8929,0.0,0.0
7,82,0.002,28.5196,0.5582,0.8931,0.0,0.0
7,83,0.002,28.5114,0.5732,0.8933,0.0,0.0
7,84,0.002,28.6036,0.5624,0.8926,0.0,0.0
7,85,0.002,28.3532,0.5711,0.8940,0.0,0.0
7,86,0.002,28.4640,0.5678,0.8934,0.0,0.0
7,87,0.002,28.5323,0.5612,0.8930,0.0,0.0
7,88,0.002,28.4143,0.5535,0.8936,0.0,0.0
7,89,0.002,28.4170,0.5696,0.8935,0.0,0.0
7,90,0.002,28.2451,0.5578,0.8940,0.0,0.0
7,91,0.002,28.5776,0.5707,0.8926,0.0,0.0
7,92,0.002,28.3101,0.5614,0.8943,0.0,0.0
7,93,0.002,28.4366,0.5578,0.8933,0.0,0.0
7,94,0.002,28.4365,0.5819,0.8934,0.0,0.0
7,95,0.002,28.2555,0.5591,0.8941,0.0,0.0
7,96,0.002,28.1968,0.5581,0.8944,0.0,0.0
7,97,0.001,28.2277,0.5668,0.8939,0.0,0.0
7,98,0.001,28.1311,0.5527,0.8947,0.0,0.0
7,99,0.001,28.1550,0.5686,0.8944,0.0,0.0
7,100,0.001,28.2192,0.5585,0.8941,0.0,0.0
8,0,0.002,54.0765,0.5575,0.8395,0.0,0.0
8,1,0.002,38.2666,0.4903,0.8829,0.0,0.0
8,2,0.002,34.1802,0.7175,0.8980,0.0,0.0
8,3,0.002,31.7047,0.7361,0.9047,0.0,0.0
8,4,0.002,29.2192,0.5688,0.9090,0.0,0.0
8,5,0.002,35.4163,0.5888,0.8907,0.0,0.0
8,6,0.002,29.9792,0.6059,0.9069,0.0,0.0
8,7,0.002,27.8214,0.6777,0.9152,0.0,0.0
8,8,0.002,28.2798,0.6215,0.9140,0.0,0.0
8,9,0.002,26.6393,0.4969,0.9181,0.0,0.0
8,10,0.002,28.4718,0.4749,0.9125,0.0,0.0
8,11,0.002,26.8937,0.4773,0.9163,0.0,0.0
8,12,0.002,25.6571,0.5691,0.9209,0.0,0.0
8,13,0.002,25.8582,0.6327,0.9210,0.0,0.0
8,14,0.002,24.7926,0.5534,0.9230,0.0,0.0
8,15,0.002,25.2983,0.5005,0.9211,0.0,0.0
8,16,0.002,25.1044,0.4902,0.9217,0.0,0.0
8,17,0.002,24.4245,0.5018,0.9234,0.0,0.0
8,18,0.002,24.5959,0.5230,0.9228,0.0,0.0
8,19,0.002,24.6659,0.5095,0.9222,0.0,0.0
8,20,0.002,24.8415,0.4800,0.9216,0.0,0.0
8,21,0.002,24.6816,0.4685,0.9222,0.0,0.0
8,22,0.002,24.1579,0.4740,0.9239,0.0,0.0
8,23,0.002,24.0243,0.4831,0.9242,0.0,0.0
8,24,0.002,24.0507,0.4750,0.9237,0.0,0.0
8,25,0.002,24.2149,0.4588,0.9229,0.0,0.0
8,26,0.002,24.2292,0.4546,0.9227,0.0,0.0
8,27,0.002,24.0579,0.4598,0.9232,0.0,0.0
8,28,0.002,23.9799,0.4653,0.9236,0.0,0.0
8,29,0.002,23.9408,0.4632,0.9237,0.0,0.0
8,30,0.002,24.0558,0.4557,0.9233,0.0,0.0
8,31,0.002,24.0513,0.4533,0.9232,0.0,0.0
8,32,0.002,23.8844,0.4542,0.9237,0.0,0.0
8,33,0.002,23.8211,0.4560,0.9238,0.0,0.0
8,34,0.002,23.8805,0.4542,0.9234,0.0,0.0
8,35,0.002,23.9831,0.4501,0.9229,0.0,0.0
8,36,0.002,24.0958,0.4478,0.9224,0.0,0.0
8,37,0.002,23.9087,0.4493,0.9231,0.0,0.0
8,38,0.002,23.7374,0.4521,0.9238,0.0,0.0
8,39,0.002,23.6779,0.4507,0.9241,0.0,0.0
8,40,0.002,23.7234,0.4470,0.9240,0.0,0.0
8,41,0.002,23.7587,0.4457,0.9240,0.0,0.0
8,42,0.002,23.7014,0.4452,0.9240,0.0,0.0
8,43,0.002,23.5826,0.4455,0.9243,0.0,0.0
8,44,0.002,23.5133,0.4431,0.9245,0.0,0.0
8,45,0.002,23.5356,0.4413,0.9243,0.0,0.0
8,46,0.002,23.6644,0.4402,0.9238,0.0,0.0
8,47,0.002,23.6416,0.4403,0.9240,0.0,0.0
8,48,0.002,23.5355,0.4403,0.9246,0.0,0.0
8,49,0.002,23.5219,0.4383,0.9246,0.0,0.0
8,50,0.002,23.5699,0.4373,0.9243,0.0,0.0
8,51,0.002,23.6700,0.4395,0.9239,0.0,0.0
8,52,0.002,23.6265,0.4418,0.9241,0.0,0.0
8,53,0.002,23.5722,0.4399,0.9242,0.0,0.0
8,54,0.002,23.5575,0.4360,0.9240,0.0,0.0
8,55,0.002,23.6422,0.4331,0.9237,0.0,0.0
8,56,0.002,23.6364,0.4344,0.9238,0.0,0.0
8,57,0.002,23.5759,0.4360,0.9241,0.0,0.0
8,58,0.002,23.5962,0.4370,0.9239,0.0,0.0
8,59,0.002,23.6090,0.4370,0.9236,0.0,0.0
8,60,0.002,23.5904,0.4360,0.9235,0.0,0.0
8,61,0.002,23.5154,0.4323,0.9237,0.0,0.0
8,62,0.002,23.4750,0.4295,0.9238,0.0,0.0
8,63,0.002,23.5064,0.4288,0.9238,0.0,0.0
8,64,0.002,23.5383,0.4302,0.9237,0.0,0.0
8,65,0.002,23.5511,0.4316,0.9236,0.0,0.0
8,66,0.002,23.5710,0.4322,0.9236,0.0,0.0
8,67,0.002,23.5751,0.4300,0.9236,0.0,0.0
8,68,0.002,23.5525,0.4283,0.9237,0.0,0.0
8,69,0.002,23.6240,0.4271,0.9234,0.0,0.0
8,70,0.002,23.6574,0.4282,0.9233,0.0,0.0
8,71,0.002,23.6300,0.4299,0.9234,0.0,0.0
8,72,0.002,23.6487,0.4295,0.9232,0.0,0.0
8,73,0.002,23.6443,0.4277,0.9230,0.0,0.0
8,74,0.002,23.6461,0.4275,0.9230,0.0,0.0
8,75,0.002,23.6443,0.4276,0.9231,0.0,0.0
8,76,0.002,23.6361,0.4273,0.9232,0.0,0.0
8,77,0.002,23.6426,0.4271,0.9235,0.0,0.0
8,78,0.002,23.6891,0.4268,0.9235,0.0,0.0
8,79,0.002,23.7534,0.4252,0.9232,0.0,0.0
8,80,0.002,23.6686,0.4241,0.9234,0.0,0.0
8,81,0.002,23.6036,0.4231,0.9235,0.0,0.0
8,82,0.002,23.5977,0.4244,0.9234,0.0,0.0
8,83,0.002,23.6229,0.4266,0.9232,0.0,0.0
8,84,0.002,23.6461,0.4264,0.9232,0.0,0.0
8,85,0.002,23.6428,0.4243,0.9235,0.0,0.0
8,86,0.002,23.6978,0.4222,0.9234,0.0,0.0
8,87,0.002,23.7513,0.4205,0.9231,0.0,0.0
8,88,0.002,23.6863,0.4199,0.9233,0.0,0.0
8,89,0.001,23.6622,0.4197,0.9233,0.0,0.0
8,90,0.001,23.6264,0.4204,0.9235,0.0,0.0
8,91,0.001,23.6292,0.4205,0.9235,0.0,0.0
8,92,0.001,23.6511,0.4206,0.9235,0.0,0.0
8,93,0.001,23.6655,0.4210,0.9235,0.0,0.0
8,94,0.001,23.6669,0.4211,0.9235,0.0,0.0
8,95,0.001,23.6387,0.4207,0.9237,0.0,0.0
8,96,0.001,23.6321,0.4198,0.9237,0.0,0.0
8,97,0.001,23.6042,0.4193,0.9238,0.0,0.0
8,98,0.001,23.5819,0.4191,0.9238,0.0,0.0
8,99,0.001,23.5840,0.4189,0.9238,0.0,0.0
8,100,0.001,23.6066,0.4187,0.9238,0.0,0.0
8,101,0.001,23.6458,0.4192,0.9236,0.0,0.0
8,102,0.0005,23.6571,0.4192,0.9236,0.0,0.0
8,103,0.0005,23.6661,0.4193,0.9235,0.0,0.0
8,104,0.0005,23.6577,0.4189,0.9235,0.0,0.0
8,105,0.0005,23.6448,0.4183,0.9235,0.0,0.0
8,106,0.0005,23.6280,0.4181,0.9236,0.0,0.0
8,107,0.0005,23.6210,0.4179,0.9236,0.0,0.0
8,108,0.0005,23.6178,0.4181,0.9236,0.0,0.0
8,109,0.0005,23.6234,0.4187,0.9235,0.0,0.0
8,110,0.0005,23.6498,0.4191,0.9234,0.0,0.0
8,111,0.0005,23.6552,0.4191,0.9234,0.0,0.0
8,112,0.0005,23.6710,0.4192,0.9234,0.0,0.0
8,113,0.0005,23.6798,0.4192,0.9234,0.0,0.0
8,114,0.00025,23.6785,0.4189,0.9234,0.0,0.0
8,115,0.00025,23.6781,0.4186,0.9235,0.0,0.0
8,116,0.00025,23.6730,0.4184,0.9235,0.0,0.0
8,117,0.00025,23.6684,0.4182,0.9235,0.0,0.0
8,118,0.00025,23.6644,0.4180,0.9236,0.0,0.0
8,119,0.00025,23.6559,0.4179,0.9236,0.0,0.0
8,120,0.00025,23.6574,0.4178,0.9236,0.0,0.0
8,121,0.00025,23.6592,0.4178,0.9236,0.0,0.0
8,122,0.00025,23.6622,0.4176,0.9236,0.0,0.0
8,123,0.00025,23.6687,0.4174,0.9235,0.0,0.0
8,124,0.00025,23.6734,0.4175,0.9235,0.0,0.0
8,125,0.00025,23.6767,0.4175,0.9235,0.0,0.0
8,126,0.000125,23.6764,0.4175,0.9236,0.0,0.0
8,127,0.000125,23.6747,0.4175,0.9236,0.0,0.0
8,128,0.000125,23.6730,0.4174,0.9236,0.0,0.0
8,129,0.000125,23.6701,0.4174,0.9236,0.0,0.0
8,130,0.000125,23.6679,0.4174,0.9236,0.0,0.0
8,131,0.000125,23.6660,0.4174,0.9236,0.0,0.0
8,132,0.000125,23.6665,0.4174,0.9236,0.0,0.0
8,133,0.000125,23.6686,0.4174,0.9236,0.0,0.0
8,134,0.000125,23.6723,0.4174,0.9236,0.0,0.0
8,135,0.000125,23.6750,0.4174,0.9235,0.0,0.0
8,136,0.000125,23.6757,0.4173,0.9235,0.0,0.0
8,137,0.000125,23.6766,0.4174,0.9235,0.0,0.0
8,138,6.25e-05,23.6773,0.4174,0.9235,0.0,0.0
8,139,6.25e-05,23.6771,0.4174,0.9235,0.0,0.0
8,140,6.25e-05,23.6765,0.4174,0.9235,0.0,0.0
8,141,6.25e-05,23.6752,0.4174,0.9235,0.0,0.0
8,142,6.25e-05,23.6746,0.4174,0.9235,0.0,0.0
8,143,6.25e-05,23.6734,0.4174,0.9235,0.0,0.0
8,144,6.25e-05,23.6729,0.4175,0.9235,0.0,0.0
8,145,6.25e-05,23.6726,0.4175,0.9235,0.0,0.0
8,146,6.25e-05,23.6730,0.4175,0.9236,0.0,0.0
8,147,6.25e-05,23.6746,0.4175,0.9235,0.0,0.0
8,148,6.25e-05,23.6755,0.4174,0.9235,0.0,0.0
8,149,6.25e-05,23.6757,0.4174,0.9235,0.0,0.0
8,150,3.125e-05,23.6752,0.4173,0.9236,0.0,0.0
8,151,3.125e-05,23.6747,0.4173,0.9236,0.0,0.0
8,152,3.125e-05,23.6747,0.4173,0.9236,0.0,0.0
8,153,3.125e-05,23.6742,0.4173,0.9236,0.0,0.0
8,154,3.125e-05,23.6738,0.4173,0.9236,0.0,0.0
8,155,3.125e-05,23.6730,0.4173,0.9236,0.0,0.0
8,156,3.125e-05,23.6721,0.4173,0.9236,0.0,0.0
8,157,3.125e-05,23.6713,0.4173,0.9236,0.0,0.0
8,158,3.125e-05,23.6716,0.4173,0.9236,0.0,0.0
8,159,3.125e-05,23.6719,0.4173,0.9236,0.0,0.0
8,160,3.125e-05,23.6724,0.4173,0.9236,0.0,0.0
8,161,3.125e-05,23.6734,0.4173,0.9236,0.0,0.0
8,162,1.5625e-05,23.6737,0.4173,0.9236,0.0,0.0
8,163,1.5625e-05,23.6738,0.4173,0.9236,0.0,0.0
8,164,1.5625e-05,23.6741,0.4173,0.9236,0.0,0.0
8,165,1.5625e-05,23.6742,0.4173,0.9236,0.0,0.0
8,166,1.5625e-05,23.6742,0.4173,0.9236,0.0,0.0
8,167,1.5625e-05,23.6738,0.4173,0.9236,0.0,0.0
8,168,1.5625e-05,23.6733,0.4173,0.9236,0.0,0.0
8,169,1.5625e-05,23.6728,0.4173,0.9236,0.0,0.0
8,170,1.5625e-05,23.6725,0.4173,0.9236,0.0,0.0
8,171,1.5625e-05,23.6726,0.4173,0.9236,0.0,0.0
8,172,1.5625e-05,23.6725,0.4173,0.9236,0.0,0.0
8,173,1.5625e-05,23.6726,0.4173,0.9236,0.0,0.0
8,174,7.8125e-06,23.6727,0.4173,0.9236,0.0,0.0
8,175,7.8125e-06,23.6730,0.4173,0.9236,0.0,0.0
8,176,7.8125e-06,23.6731,0.4173,0.9236,0.0,0.0
8,177,7.8125e-06,23.6731,0.4173,0.9236,0.0,0.0
8,178,7.8125e-06,23.6735,0.4173,0.9236,0.0,0.0
8,179,7.8125e-06,23.6736,0.4173,0.9236,0.0,0.0
8,180,7.8125e-06,23.6737,0.4173,0.9236,0.0,0.0
8,181,7.8125e-06,23.6739,0.4173,0.9236,0.0,0.0
8,182,7.8125e-06,23.6738,0.4173,0.9236,0.0,0.0
8,183,7.8125e-06,23.6739,0.4173,0.9236,0.0,0.0
8,184,7.8125e-06,23.6742,0.4173,0.9236,0.0,0.0
8,185,7.8125e-06,23.6746,0.4173,0.9236,0.0,0.0
8,186,3.90625e-06,23.6747,0.4173,0.9236,0.0,0.0
8,187,3.90625e-06,23.6748,0.4173,0.9236,0.0,0.0
8,188,3.90625e-06,23.6750,0.4173,0.9236,0.0,0.0
8,189,3.90625e-06,23.6751,0.4173,0.9236,0.0,0.0
8,190,3.90625e-06,23.6753,0.4173,0.9236,0.0,0.0
8,191,3.90625e-06,23.6754,0.4173,0.9236,0.0,0.0
8,192,3.90625e-06,23.6755,0.4173,0.9236,0.0,0.0
8,193,3.90625e-06,23.6757,0.4173,0.9236,0.0,0.0
8,194,3.90625e-06,23.6758,0.4173,0.9236,0.0,0.0
8,195,3.90625e-06,23.6759,0.4173,0.9236,0.0,0.0
8,196,3.90625e-06,23.6759,0.4173,0.9236,0.0,0.0
8,197,3.90625e-06,23.6759,0.4173,0.9236,0.0,0.0
8,198,1.953125e-06,23.6759,0.4173,0.9236,0.0,0.0
8,199,1.953125e-06,23.6758,0.4173,0.9236,0.0,0.0
9,0,0.002,36.0176,0.7105,0.8670,0.0,0.0
9,1,0.002,50.1872,0.7286,0.8185,0.0,0.0
9,2,0.002,51.7245,0.6998,0.8161,0.0,0.0
9,3,0.002,41.6287,0.6380,0.8538,0.0,0.0
9,4,0.002,30.2483,0.6004,0.8937,0.0,0.0
9,5,0.002,28.9682,0.8018,0.8978,0.0,0.0
9,6,0.002,35.5755,1.1728,0.8775,0.0,0.0
9,7,0.002,35.4747,1.3446,0.8815,0.0,0.0
9,8,0.002,27.8742,1.2074,0.9074,0.0,0.0
9,9,0.002,23.2700,0.9418,0.9187,0.0,0.0
9,10,0.002,24.8804,0.7443,0.9080,0.0,0.0
9,11,0.002,28.3130,0.6608,0.8932,0.0,0.0
9,12,0.002,29.1093,0.6387,0.8903,0.0,0.0
9,13,0.002,26.3342,0.6380,0.9019,0.0,0.0
9,14,0.002,22.1169,0.6565,0.9195,0.0,0.0
9,15,0.002,19.5605,0.7173,0.9312,0.0,0.0
9,16,0.002,20.0117,0.8242,0.9318,0.0,0.0
9,17,0.002,21.6522,0.9239,0.9270,0.0,0.0
9,18,0.002,21.8497,0.9505,0.9257,0.0,0.0
9,19,0.002,20.7117,0.8946,0.9281,0.0,0.0
9,20,0.002,20.2406,0.8056,0.9278,0.0,0.0
9,21,0.002,21.1341,0.7365,0.9233,0.0,0.0
9,22,0.002,22.2086,0.7060,0.9189,0.0,0.0
9,23,0.002,22.1051,0.7010,0.9192,0.0,0.0
9,24,0.002,20.6271,0.7130,0.9250,0.0,0.0
9,25,0.002,18.7086,0.7435,0.9325,0.0,0.0
9,26,0.002,17.4964,0.7913,0.9378,0.0,0.0
9,27,0.002,17.3050,0.8416,0.9394,0.0,0.0
9,28,0.002,17.4505,0.8656,0.9395,0.0,0.0
9,29,0.002,17.2337,0.8461,0.9403,0.0,0.0
9,30,0.002,16.8005,0.7945,0.9414,0.0,0.0
9,31,0.002,16.7649,0.7378,0.9408,0.0,0.0
9,32,0.002,17.3262,0.6960,0.9381,0.0,0.0
9,33,0.002,18.0560,0.6725,0.9351,0.0,0.0
9,34,0.002,18.4000,0.6633,0.9338,0.0,0.0
9,35,0.002,18.1940,0.6659,0.9348,0.0,0.0
9,36,0.002,17.7026,0.6797,0.9370,0.0,0.0
9,37,0.002,17.3035,0.7013,0.9390,0.0,0.0
9,38,0.002,17.1061,0.7198,0.9403,0.0,0.0
9,39,0.002,16.9580,0.7238,0.9410,0.0,0.0
9,40,0.002,16.7274,0.7098,0.9417,0.0,0.0
9,41,0.002,16.5094,0.6850,0.9421,0.0,0.0
9,42,0.002,16.4776,0.6604,0.9418,0.0,0.0
9,43,0.002,16.6492,0.6435,0.9408,0.0,0.0
9,44,0.002,16.8601,0.6360,0.9397,0.0,0.0
9,45,0.002,16.9425,0.6376,0.9393,0.0,0.0
9,46,0.002,16.8721,0.6476,0.9396,0.0,0.0
9,47,0.002,16.7448,0.6640,0.9404,0.0,0.0
9,48,0.002,16.6543,0.6815,0.9410,0.0,0.0
9,49,0.002,16.6085,0.6921,0.9415,0.0,0.0
9,50,0.002,16.5637,0.6909,0.9418,0.0,0.0
9,51,0.002,16.5016,0.6793,0.9420,0.0,0.0
9,52,0.002,16.4578,0.6626,0.9421,0.0,0.0
9,53,0.002,16.4642,0.6474,0.9420,0.0,0.0
9,54,0.002,16.4975,0.6378,0.9418,0.0,0.0
9,55,0.002,16.4988,0.6350,0.9416,0.0,0.0
9,56,0.002,16.4326,0.6387,0.9418,0.0,0.0
9,57,0.002,16.3119,0.6482,0.9422,0.0,0.0
9,58,0.002,16.1847,0.6603,0.9427,0.0,0.0
9,59,0.002,16.0871,0.6705,0.9431,0.0,0.0
9,60,0.002,16.0164,0.6742,0.9434,0.0,0.0
9,61,0.002,15.9628,0.6695,0.9436,0.0,0.0
9,62,0.002,15.9351,0.6583,0.9436,0.0,0.0
9,63,0.002,15.9467,0.6447,0.9435,0.0,0.0
9,64,0.002,15.9979,0.6331,0.9432,0.0,0.0
9,65,0.002,16.0615,0.6259,0.9430,0.0,0.0
9,66,0.002,16.1012,0.6236,0.9428,0.0,0.0
9,67,0.002,16.1035,0.6261,0.9428,0.0,0.0
9,68,0.002,16.0770,0.6322,0.9430,0.0,0.0
9,69,0.002,16.0389,0.6397,0.9432,0.0,0.0
9,70,0.002,15.9981,0.6457,0.9434,0.0,0.0
9,71,0.002,15.9532,0.6475,0.9436,0.0,0.0
9,72,0.002,15.9054,0.6442,0.9437,0.0,0.0
9,73,0.002,15.8630,0.6372,0.9439,0.0,0.0
9,74,0.002,15.8349,0.6290,0.9439,0.0,0.0
9,75,0.002,15.8216,0.6222,0.9439,0.0,0.0
9,76,0.002,15.8145,0.6180,0.9439,0.0,0.0
9,77,0.002,15.8047,0.6170,0.9440,0.0,0.0
9,78,0.002,15.7899,0.6186,0.9441,0.0,0.0
9,79,0.002,15.7736,0.6220,0.9443,0.0,0.0
9,80,0.002,15.7574,0.6257,0.9444,0.0,0.0
9,81,0.002,15.7421,0.6282,0.9445,0.0,0.0
9,82,0.002,15.7261,0.6284,0.9446,0.0,0.0
9,83,0.002,15.7092,0.6262,0.9446,0.0,0.0
9,84,0.002,15.6943,0.6227,0.9447,0.0,0.0
9,85,0.002,15.6805,0.6190,0.9447,0.0,0.0
9,86,0.002,15.6654,0.6165,0.9448,0.0,0.0
9,87,0.002,15.6455,0.6154,0.9449,0.0,0.0
9,88,0.002,15.6252,0.6158,0.9450,0.0,0.0
9,89,0.002,15.6070,0.6174,0.9451,0.0,0.0
9,90,0.002,15.5978,0.6193,0.9451,0.0,0.0
9,91,0.002,15.5970,0.6208,0.9452,0.0,0.0
9,92,0.002,15.5992,0.6212,0.9452,0.0,0.0
9,93,0.001,15.5998,0.6208,0.9452,0.0,0.0
9,94,0.001,15.5990,0.6198,0.9452,0.0,0.0
9,95,0.001,15.5962,0.6186,0.9452,0.0,0.0
9,96,0.001,15.5906,0.6172,0.9452,0.0,0.0
9,97,0.001,15.5838,0.6160,0.9452,0.0,0.0
9,98,0.001,15.5758,0.6150,0.9452,0.0,0.0
9,99,0.001,15.5668,0.6144,0.9453,0.0,0.0
9,100,0.001,15.5561,0.6143,0.9453,0.0,0.0
9,101,0.001,15.5451,0.6146,0.9453,0.0,0.0
9,102,0.001,15.5358,0.6151,0.9454,0.0,0.0
9,103,0.001,15.5283,0.6157,0.9454,0.0,0.0
9,104,0.001,15.5218,0.6164,0.9455,0.0,0.0
9,105,0.001,15.5161,0.6169,0.9455,0.0,0.0
9,106,0.001,15.5112,0.6172,0.9455,0.0,0.0
9,107,0.001,15.5064,0.6171,0.9455,0.0,0.0
9,108,0.0005,15.5044,0.6170,0.9455,0.0,0.0
9,109,0.0005,15.5027,0.6167,0.9455,0.0,0.0
9,110,0.0005,15.5006,0.6163,0.9455,0.0,0.0
9,111,0.0005,15.4983,0.6159,0.9455,0.0,0.0
9,112,0.0005,15.4956,0.6154,0.9456,0.0,0.0
9,113,0.0005,15.4929,0.6150,0.9456,0.0,0.0
9,114,0.0005,15.4900,0.6146,0.9456,0.0,0.0
9,115,0.0005,15.4868,0.6143,0.9456,0.0,0.0
9,116,0.0005,15.4843,0.6140,0.9456,0.0,0.0
9,117,0.0005,15.4820,0.6139,0.9456,0.0,0.0
9,118,0.0005,15.4798,0.6138,0.9456,0.0,0.0
9,119,0.0005,15.4776,0.6138,0.9456,0.0,0.0
9,120,0.00025,15.4766,0.6138,0.9456,0.0,0.0
9,121,0.00025,15.4755,0.6139,0.9456,0.0,0.0
9,122,0.00025,15.4745,0.6139,0.9457,0.0,0.0
9,123,0.00025,15.4731,0.6140,0.9457,0.0,0.0
9,124,0.00025,15.4717,0.6141,0.9457,0.0,0.0
9,125,0.00025,15.4705,0.6142,0.9457,0.0,0.0
9,126,0.00025,15.4697,0.6142,0.9457,0.0,0.0
9,127,0.00025,15.4689,0.6143,0.9457,0.0,0.0
9,128,0.00025,15.4681,0.6143,0.9457,0.0,0.0
9,129,0.00025,15.4673,0.6143,0.9457,0.0,0.0
9,130,0.00025,15.4661,0.6144,0.9457,0.0,0.0
9,131,0.00025,15.4650,0.6143,0.9457,0.0,0.0
9,132,0.000125,15.4644,0.6143,0.9457,0.0,0.0
9,133,0.000125,15.4639,0.6143,0.9457,0.0,0.0
9,134,0.000125,15.4634,0.6143,0.9457,0.0,0.0
9,135,0.000125,15.4628,0.6142,0.9457,0.0,0.0
9,136,0.000125,15.4623,0.6142,0.9457,0.0,0.0
9,137,0.000125,15.4617,0.6142,0.9457,0.0,0.0
9,138,0.000125,15.4613,0.6141,0.9457,0.0,0.0
9,139,0.000125,15.4609,0.6141,0.9457,0.0,0.0
9,140,0.000125,15.4602,0.6140,0.9457,0.0,0.0
9,141,0.000125,15.4594,0.6140,0.9457,0.0,0.0
9,142,0.000125,15.4587,0.6139,0.9457,0.0,0.0
9,143,0.000125,15.4580,0.6139,0.9457,0.0,0.0
9,144,6.25e-05,15.4577,0.6138,0.9457,0.0,0.0
9,145,6.25e-05,15.4575,0.6138,0.9457,0.0,0.0
9,146,6.25e-05,15.4573,0.6138,0.9458,0.0,0.0
9,147,6.25e-05,15.4572,0.6137,0.9458,0.0,0.0
9,148,6.25e-05,15.4569,0.6137,0.9458,0.0,0.0
9,149,6.25e-05,15.4567,0.6137,0.9458,0.0,0.0
9,150,6.25e-05,15.4563,0.6137,0.9458,0.0,0.0
9,151,6.25e-05,15.4560,0.6136,0.9458,0.0,0.0
9,152,6.25e-05,15.4556,0.6136,0.9458,0.0,0.0
9,153,6.25e-05,15.4552,0.6136,0.9458,0.0,0.0
9,154,6.25e-05,15.4549,0.6136,0.9458,0.0,0.0
9,155,6.25e-05,15.4546,0.6135,0.9458,0.0,0.0
9,156,3.125e-05,15.4545,0.6135,0.9458,0.0,0.0
9,157,3.125e-05,15.4543,0.6135,0.9458,0.0,0.0
9,158,3.125e-05,15.4542,0.6135,0.9458,0.0,0.0
9,159,3.125e-05,15.4540,0.6135,0.9458,0.0,0.0
9,160,3.125e-05,15.4538,0.6135,0.9458,0.0,0.0
9,161,3.125e-05,15.4537,0.6135,0.9458,0.0,0.0
9,162,3.125e-05,15.4535,0.6135,0.9458,0.0,0.0
9,163,3.125e-05,15.4533,0.6135,0.9458,0.0,0.0
9,164,3.125e-05,15.4532,0.6135,0.9458,0.0,0.0
9,165,3.125e-05,15.4530,0.6134,0.9458,0.0,0.0
9,166,3.125e-05,15.4530,0.6134,0.9458,0.0,0.0
9,167,3.125e-05,15.4529,0.6134,0.9458,0.0,0.0
9,168,1.5625e-05,15.4529,0.6134,0.9458,0.0,0.0
9,169,1.5625e-05,15.4529,0.6134,0.9458,0.0,0.0
9,170,1.5625e-05,15.4528,0.6134,0.9458,0.0,0.0
9,171,1.5625e-05,15.4528,0.6134,0.9458,0.0,0.0
9,172,1.5625e-05,15.4527,0.6134,0.9458,0.0,0.0
9,173,1.5625e-05,15.4526,0.6134,0.9458,0.0,0.0
9,174,1.5625e-05,15.4526,0.6134,0.9458,0.0,0.0
9,175,1.5625e-05,15.4525,0.6134,0.9458,0.0,0.0
9,176,1.5625e-05,15.4524,0.6134,0.9458,0.0,0.0
9,177,1.5625e-05,15.4524,0.6134,0.9458,0.0,0.0
9,178,1.5625e-05,15.4523,0.6134,0.9458,0.0,0.0
9,179,1.5625e-05,15.4522,0.6134,0.9458,0.0,0.0
9,180,7.8125e-06,15.4522,0.6134,0.9458,0.0,0.0
9,181,7.8125e-06,15.4522,0.6134,0.9458,0.0,0.0
9,182,7.8125e-06,15.4522,0.6134,0.9458,0.0,0.0
9,183,7.8125e-06,15.4521,0.6134,0.9458,0.0,0.0
9,184,7.8125e-06,15.4521,0.6134,0.9458,0.0,0.0
9,185,7.8125e-06,15.4520,0.6134,0.9458,0.0,0.0
9,186,7.8125e-06,15.4520,0.6134,0.9458,0.0,0.0
9,187,7.8125e-06,15.4519,0.6134,0.9458,0.0,0.0
9,188,7.8125e-06,15.4519,0.6134,0.9458,0.0,0.0
9,189,7.8125e-06,15.4519,0.6134,0.9458,0.0,0.0
9,190,7.8125e-06,15.4519,0.6134,0.9458,0.0,0.0
9,191,7.8125e-06,15.4518,0.6134,0.9458,0.0,0.0
9,192,3.90625e-06,15.4518,0.6134,0.9458,0.0,0.0
9,193,3.90625e-06,15.4518,0.6134,0.9458,0.0,0.0
9,194,3.90625e-06,15.4518,0.6134,0.9458,0.0,0.0
9,195,3.90625e-06,15.4518,0.6134,0.9458,0.0,0.0
9,196,3.90625e-06,15.4518,0.6134,0.9458,0.0,0.0
9,197,3.90625e-06,15.4517,0.6134,0.9458,0.0,0.0
9,198,3.90625e-06,15.4517,0.6134,0.9458,0.0,0.0
9,199,3.90625e-06,15.4517,0.6134,0.9458,0.0,0.0
