[
  {
    "mean": {
      "Loss_Exp": 52.24029865040499,
      "RelativeDistance_Exp": 1.1435858607292175,
      "R2Score_Exp": 0.8656279444694519
    },
    "std": {
      "Loss_Exp": 0.0,
      "RelativeDistance_Exp": 0.0,
      "R2Score_Exp": 0.0
    },
    "adjusted_mean": {
      "Loss_Exp": 0.0,
      "RelativeDistance_Exp": 0.0,
      "R2Score_Exp": 0.0
    }
  },
  {
    "mean": {
      "Loss_Exp": 59.7280544460521,
      "RelativeDistance_Exp": 0.986629918217659,
      "R2Score_Exp": 0.8453709930181503,
      "Forgetting_Exp": 0.04051390290260315,
      "BWT_Exp": -0.04051390290260315
    },
    "std": {
      "Loss_Exp": 7.487755795647114,
      "RelativeDistance_Exp": 0.15695594251155853,
      "R2Score_Exp": 0.020256951451301575,
      "Forgetting_Exp": 0.0,
      "BWT_Exp": 0.0
    },
    "adjusted_mean": {
      "Loss_Exp": 7.487755795647111,
      "RelativeDistance_Exp": 0.15695594251155853,
      "R2Score_Exp": 0.020256951451301575,
      "Forgetting_Exp": 0.0,
      "BWT_Exp": 0.0
    }
  },
  {
    "mean": {
      "Loss_Exp": 35.67276000148181,
      "RelativeDistance_Exp": 1.0272500216960907,
      "R2Score_Exp": 0.8911645710468292
    },
    "std": {
      "Loss_Exp": 0.0,
      "RelativeDistance_Exp": 0.0,
      "R2Score_Exp": 0.0
    },
    "adjusted_mean": {
      "Loss_Exp": 0.0,
      "RelativeDistance_Exp": 0.0,
      "R2Score_Exp": 0.0
    }
  },
  {
    "mean": {
      "Loss_Exp": 62.29615373499254,
      "RelativeDistance_Exp": 1.0014451344807942,
      "R2Score_Exp": 0.8385539750258127,
      "Forgetting_Exp": 0.04061095416545868,
      "BWT_Exp": -0.04061095416545868
    },
    "std": {
      "Loss_Exp": 7.1111128397185945,
      "RelativeDistance_Exp": 0.12985540622415911,
      "R2Score_Exp": 0.019144351386661467,
      "Forgetting_Exp": 9.705126285552979e-05,
      "BWT_Exp": 9.705126285552979e-05
    },
    "adjusted_mean": {
      "Loss_Exp": 10.055855084587549,
      "RelativeDistance_Exp": 0.17177115877469373,
      "R2Score_Exp": 0.013634035984675053,
      "Forgetting_Exp": 9.705126285552979e-05,
      "BWT_Exp": 9.705126285552979e-05
    }
  },
  {
    "mean": {
      "Loss_Exp": 42.47761640227708,
      "RelativeDistance_Exp": 1.0519654899835587,
      "R2Score_Exp": 0.8704907894134521,
      "Forgetting_Exp": 0.04134756326675415,
      "BWT_Exp": -0.04134756326675415
    },
    "std": {
      "Loss_Exp": 6.80485640079527,
      "RelativeDistance_Exp": 0.024715468287467957,
      "R2Score_Exp": 0.020673781633377075,
      "Forgetting_Exp": 0.0,
      "BWT_Exp": 0.0
    },
    "adjusted_mean": {
      "Loss_Exp": 6.804856400795266,
      "RelativeDistance_Exp": 0.024715468287467957,
      "R2Score_Exp": 0.020673781633377075,
      "Forgetting_Exp": 0.0,
      "BWT_Exp": 0.0
    }
  },
  {
    "mean": {
      "Loss_Exp": 53.417237923925924,
      "RelativeDistance_Exp": 0.7439160943031311,
      "R2Score_Exp": 0.8306527932484945
    },
    "std": {
      "Loss_Exp": 0.0,
      "RelativeDistance_Exp": 0.0,
      "R2Score_Exp": 0.0
    },
    "adjusted_mean": {
      "Loss_Exp": 0.0,
      "RelativeDistance_Exp": 0.0,
      "R2Score_Exp": 0.0
    }
  },
  {
    "mean": {
      "Loss_Exp": 65.57052192463594,
      "RelativeDistance_Exp": 1.030221350491047,
      "R2Score_Exp": 0.8305175602436066,
      "Forgetting_Exp": 0.04681384563446045,
      "BWT_Exp": -0.04681384563446045
    },
    "std": {
      "Loss_Exp": 8.372001283352386,
      "RelativeDistance_Exp": 0.12300825873833511,
      "R2Score_Exp": 0.02164789897812171,
      "Forgetting_Exp": 0.008772571142535376,
      "BWT_Exp": 0.008772571142535376
    },
    "adjusted_mean": {
      "Loss_Exp": 13.330223274230953,
      "RelativeDistance_Exp": 0.20054737478494644,
      "R2Score_Exp": 0.024109244346618652,
      "Forgetting_Exp": 0.0062999427318573,
      "BWT_Exp": 0.01240578293800354
    }
  },
  {
    "mean": {
      "Loss_Exp": 48.13775077402872,
      "RelativeDistance_Exp": 1.0577905476093292,
      "R2Score_Exp": 0.853199690580368,
      "Forgetting_Exp": 0.05694732069969177,
      "BWT_Exp": -0.05694732069969177
    },
    "std": {
      "Loss_Exp": 9.743970236486335,
      "RelativeDistance_Exp": 0.02179676217085889,
      "R2Score_Exp": 0.02971365055089447,
      "Forgetting_Exp": 0.015599757432937622,
      "BWT_Exp": 0.015599757432937622
    },
    "adjusted_mean": {
      "Loss_Exp": 12.464990772546905,
      "RelativeDistance_Exp": 0.030540525913238525,
      "R2Score_Exp": 0.03458219766616821,
      "Forgetting_Exp": 0.015599757432937622,
      "BWT_Exp": 0.015599757432937622
    }
  },
  {
    "mean": {
      "Loss_Exp": 63.89121045594028,
      "RelativeDistance_Exp": 0.7315203944842021,
      "R2Score_Exp": 0.7979774574438732,
      "Forgetting_Exp": 0.0653506716092428,
      "BWT_Exp": -0.0653506716092428
    },
    "std": {
      "Loss_Exp": 10.473972532014358,
      "RelativeDistance_Exp": 0.012395699818929018,
      "R2Score_Exp": 0.0326753358046214,
      "Forgetting_Exp": 0.0,
      "BWT_Exp": 0.0
    },
    "adjusted_mean": {
      "Loss_Exp": 10.473972532014358,
      "RelativeDistance_Exp": 0.012395699818929073,
      "R2Score_Exp": 0.03267533580462145,
      "Forgetting_Exp": 0.0,
      "BWT_Exp": 0.0
    }
  },
  {
    "mean": {
      "Loss_Exp": 45.60785955266551,
      "RelativeDistance_Exp": 0.670021265745163,
      "R2Score_Exp": 0.852542906999588
    },
    "std": {
      "Loss_Exp": 0.0,
      "RelativeDistance_Exp": 0.0,
      "R2Score_Exp": 0.0
    },
    "adjusted_mean": {
      "Loss_Exp": 0.0,
      "RelativeDistance_Exp": 0.0,
      "R2Score_Exp": 0.0
    }
  },
  {
    "mean": {
      "Loss_Exp": 68.02611904548196,
      "RelativeDistance_Exp": 1.0289441287517547,
      "R2Score_Exp": 0.8241311848163605,
      "Forgetting_Exp": 0.05187094956636429,
      "BWT_Exp": -0.05187094956636429
    },
    "std": {
      "Loss_Exp": 8.95500716193975,
      "RelativeDistance_Exp": 0.11005158134145569,
      "R2Score_Exp": 0.02319587007474609,
      "Forgetting_Exp": 0.01159488697109054,
      "BWT_Exp": 0.01159488697109054
    },
    "adjusted_mean": {
      "Loss_Exp": 15.785820395076975,
      "RelativeDistance_Exp": 0.1992701530456542,
      "R2Score_Exp": 0.025545501708984397,
      "Forgetting_Exp": 0.011357046663761139,
      "BWT_Exp": 0.015171311795711517
    }
  },
  {
    "mean": {
      "Loss_Exp": 51.87140534884507,
      "RelativeDistance_Exp": 1.0518422350287437,
      "R2Score_Exp": 0.8417324274778366,
      "Forgetting_Exp": 0.06590952475865682,
      "BWT_Exp": -0.06590952475865682
    },
    "std": {
      "Loss_Exp": 10.63152136005426,
      "RelativeDistance_Exp": 0.021505148186394655,
      "R2Score_Exp": 0.032506463064805126,
      "Forgetting_Exp": 0.01796878287011637,
      "BWT_Exp": 0.01796878287011637
    },
    "adjusted_mean": {
      "Loss_Exp": 16.19864534736326,
      "RelativeDistance_Exp": 0.024592213332653046,
      "R2Score_Exp": 0.0344017893075943,
      "Forgetting_Exp": 0.024561961491902665,
      "BWT_Exp": 0.0179244081179301
    }
  },
  {
    "mean": {
      "Loss_Exp": 68.19184207281886,
      "RelativeDistance_Exp": 0.7738505336973404,
      "R2Score_Exp": 0.7854460544056363,
      "Forgetting_Exp": 0.06781010826428735,
      "BWT_Exp": -0.06781010826428735
    },
    "std": {
      "Loss_Exp": 10.494137967255126,
      "RelativeDistance_Exp": 0.060713400121181205,
      "R2Score_Exp": 0.032029005149134926,
      "Forgetting_Exp": 0.0024594366550445557,
      "BWT_Exp": 0.0024594366550445557
    },
    "adjusted_mean": {
      "Loss_Exp": 14.774604148892934,
      "RelativeDistance_Exp": 0.05472583903206729,
      "R2Score_Exp": 0.02506280607647371,
      "Forgetting_Exp": 0.0024594366550445557,
      "BWT_Exp": 0.0024594366550445557
    }
  },
  {
    "mean": {
      "Loss_Exp": 50.17474357575091,
      "RelativeDistance_Exp": 0.6999650746583939,
      "R2Score_Exp": 0.8377539813518524,
      "Forgetting_Exp": 0.02957785129547119,
      "BWT_Exp": -0.02957785129547119
    },
    "std": {
      "Loss_Exp": 4.566884023085397,
      "RelativeDistance_Exp": 0.029943808913230896,
      "R2Score_Exp": 0.014788925647735596,
      "Forgetting_Exp": 0.0,
      "BWT_Exp": 0.0
    },
    "adjusted_mean": {
      "Loss_Exp": 4.5668840230854,
      "RelativeDistance_Exp": 0.029943808913230896,
      "R2Score_Exp": 0.014788925647735596,
      "Forgetting_Exp": 0.0,
      "BWT_Exp": 0.0
    }
  },
  {
    "mean": {
      "Loss_Exp": 39.4725226737809,
      "RelativeDistance_Exp": 0.6104695945978165,
      "R2Score_Exp": 0.850865975022316
    },
    "std": {
      "Loss_Exp": 0.0,
      "RelativeDistance_Exp": 0.0,
      "R2Score_Exp": 0.0
    },
    "adjusted_mean": {
      "Loss_Exp": 0.0,
      "RelativeDistance_Exp": 0.0,
      "R2Score_Exp": 0.0
    }
  },
  {
    "mean": {
      "Loss_Exp": 70.94775320464488,
      "RelativeDistance_Exp": 1.0210786163806915,
      "R2Score_Exp": 0.8171136031548182,
      "Forgetting_Exp": 0.05821720957756042,
      "BWT_Exp": -0.05821720957756042
    },
    "std": {
      "Loss_Exp": 10.464536549314163,
      "RelativeDistance_Exp": 0.10199080132096526,
      "R2Score_Exp": 0.026355377420667344,
      "Forgetting_Exp": 0.01639064329478013,
      "BWT_Exp": 0.01639064329478013
    },
    "adjusted_mean": {
      "Loss_Exp": 18.707454554239895,
      "RelativeDistance_Exp": 0.19140464067459106,
      "R2Score_Exp": 0.035087908307711246,
      "Forgetting_Exp": 0.017703306674957273,
      "BWT_Exp": 0.02538504004478455
    }
  },
  {
    "mean": {
      "Loss_Exp": 56.21049683826625,
      "RelativeDistance_Exp": 1.0672994315624238,
      "R2Score_Exp": 0.8283991754055023,
      "Forgetting_Exp": 0.07845674455165863,
      "BWT_Exp": -0.07845674455165863
    },
    "std": {
      "Loss_Exp": 12.87378176596531,
      "RelativeDistance_Exp": 0.036409845063365295,
      "R2Score_Exp": 0.03945172437403033,
      "Forgetting_Exp": 0.026729310540616828,
      "BWT_Exp": 0.026729310540616828
    },
    "adjusted_mean": {
      "Loss_Exp": 20.53773683678444,
      "RelativeDistance_Exp": 0.0400494098663331,
      "R2Score_Exp": 0.05333300828933718,
      "Forgetting_Exp": 0.03710918128490448,
      "BWT_Exp": 0.03764165937900543
    }
  },
  {
    "mean": {
      "Loss_Exp": 73.80641389016478,
      "RelativeDistance_Exp": 0.8026274939378103,
      "R2Score_Exp": 0.7679413855075836,
      "Forgetting_Exp": 0.08361521032121451,
      "BWT_Exp": -0.08361521032121451
    },
    "std": {
      "Loss_Exp": 13.310351191206193,
      "RelativeDistance_Exp": 0.07244948611101919,
      "R2Score_Exp": 0.04109298209942714,
      "Forgetting_Exp": 0.02244181486644706,
      "BWT_Exp": 0.02244181486644706
    },
    "adjusted_mean": {
      "Loss_Exp": 20.389175966238852,
      "RelativeDistance_Exp": 0.08350279927253723,
      "R2Score_Exp": 0.052514006694157955,
      "Forgetting_Exp": 0.018264538711971715,
      "BWT_Exp": 0.03161020411385433
    }
  },
  {
    "mean": {
      "Loss_Exp": 54.81614740603974,
      "RelativeDistance_Exp": 0.7151296635468801,
      "R2Score_Exp": 0.8227543036142985,
      "Forgetting_Exp": 0.044682905077934265,
      "BWT_Exp": -0.044682905077934265
    },
    "std": {
      "Loss_Exp": 7.5491420363629,
      "RelativeDistance_Exp": 0.032522053652893096,
      "R2Score_Exp": 0.02440878692200363,
      "Forgetting_Exp": 0.015105053782463074,
      "BWT_Exp": 0.015105053782463074
    },
    "adjusted_mean": {
      "Loss_Exp": 9.20828785337423,
      "RelativeDistance_Exp": 0.04510839780171716,
      "R2Score_Exp": 0.029999355475107792,
      "Forgetting_Exp": 0.015105053782463074,
      "BWT_Exp": 0.015105053782463074
    }
  },
  {
    "mean": {
      "Loss_Exp": 43.83980180642901,
      "RelativeDistance_Exp": 0.6345981955528259,
      "R2Score_Exp": 0.8333615139126778,
      "Forgetting_Exp": 0.03500892221927643,
      "BWT_Exp": -0.03500892221927643
    },
    "std": {
      "Loss_Exp": 4.3672791326481075,
      "RelativeDistance_Exp": 0.02412860095500946,
      "R2Score_Exp": 0.017504461109638214,
      "Forgetting_Exp": 0.0,
      "BWT_Exp": 0.0
    },
    "adjusted_mean": {
      "Loss_Exp": 4.3672791326481075,
      "RelativeDistance_Exp": 0.02412860095500946,
      "R2Score_Exp": 0.017504461109638214,
      "Forgetting_Exp": 0.0,
      "BWT_Exp": 0.0
    }
  },
  {
    "mean": {
      "Loss_Exp": 52.28407711595237,
      "RelativeDistance_Exp": 0.7465425133705139,
      "R2Score_Exp": 0.8117112914721171
    },
    "std": {
      "Loss_Exp": 0.0,
      "RelativeDistance_Exp": 0.0,
      "R2Score_Exp": 0.0
    },
    "adjusted_mean": {
      "Loss_Exp": 0.0,
      "RelativeDistance_Exp": 0.0,
      "R2Score_Exp": 0.0
    }
  },
  {
    "mean": {
      "Loss_Exp": 72.37124636225339,
      "RelativeDistance_Exp": 1.0330267591135842,
      "R2Score_Exp": 0.8137795499392918,
      "Forgetting_Exp": 0.0604897936185201,
      "BWT_Exp": -0.0604897936185201
    },
    "std": {
      "Loss_Exp": 10.296636950837307,
      "RelativeDistance_Exp": 0.09885673771727152,
      "R2Score_Exp": 0.02573075916197614,
      "Forgetting_Exp": 0.015801925435319282,
      "BWT_Exp": 0.015801925435319282
    },
    "adjusted_mean": {
      "Loss_Exp": 20.1309477118484,
      "RelativeDistance_Exp": 0.20335278340748375,
      "R2Score_Exp": 0.03175385509218487,
      "Forgetting_Exp": 0.019975890715916954,
      "BWT_Exp": 0.023112456003824867
    }
  },
  {
    "mean": {
      "Loss_Exp": 58.23411560541817,
      "RelativeDistance_Exp": 1.041849787036578,
      "R2Score_Exp": 0.822169691324234,
      "Forgetting_Exp": 0.08279385566711425,
      "BWT_Exp": -0.08279385566711425
    },
    "std": {
      "Loss_Exp": 12.593134850859467,
      "RelativeDistance_Exp": 0.06590260020470715,
      "R2Score_Exp": 0.0386143042105417,
      "Forgetting_Exp": 0.025432399904307477,
      "BWT_Exp": 0.025432399904307477
    },
    "adjusted_mean": {
      "Loss_Exp": 22.561355603936356,
      "RelativeDistance_Exp": 0.1272482226292293,
      "R2Score_Exp": 0.04710352420806885,
      "Forgetting_Exp": 0.0414462924003601,
      "BWT_Exp": 0.03330454826354981
    }
  },
  {
    "mean": {
      "Loss_Exp": 73.85376182381347,
      "RelativeDistance_Exp": 0.780000372727712,
      "R2Score_Exp": 0.7682822545369465,
      "Forgetting_Exp": 0.07796317338943487,
      "BWT_Exp": -0.07796317338943487
    },
    "std": {
      "Loss_Exp": 11.905516636159831,
      "RelativeDistance_Exp": 0.07903852786601306,
      "R2Score_Exp": 0.03676100255759882,
      "Forgetting_Exp": 0.021761499381005814,
      "BWT_Exp": 0.021761499381005814
    },
    "adjusted_mean": {
      "Loss_Exp": 20.436523899887547,
      "RelativeDistance_Exp": 0.09050848484039309,
      "R2Score_Exp": 0.05285487572352088,
      "Forgetting_Exp": 0.01695611079533893,
      "BWT_Exp": 0.03726224104563397
    }
  },
  {
    "mean": {
      "Loss_Exp": 55.950322877882044,
      "RelativeDistance_Exp": 0.7057557851076126,
      "R2Score_Exp": 0.8190902695059776,
      "Forgetting_Exp": 0.04460351665814718,
      "BWT_Exp": -0.04460351665814718
    },
    "std": {
      "Loss_Exp": 6.826508706262096,
      "RelativeDistance_Exp": 0.03250956430550452,
      "R2Score_Exp": 0.022070729419157126,
      "Forgetting_Exp": 0.012333735777254483,
      "BWT_Exp": 0.012333735777254483
    },
    "adjusted_mean": {
      "Loss_Exp": 10.342463325216535,
      "RelativeDistance_Exp": 0.035734519362449646,
      "R2Score_Exp": 0.026335321366786957,
      "Forgetting_Exp": 0.015025665362675987,
      "BWT_Exp": 0.01518444220225016
    }
  },
  {
    "mean": {
      "Loss_Exp": 45.00198192345835,
      "RelativeDistance_Exp": 0.6186117256681124,
      "R2Score_Exp": 0.8296798765659332,
      "Forgetting_Exp": 0.03177914768457413,
      "BWT_Exp": -0.03177914768457413
    },
    "std": {
      "Loss_Exp": 3.9264160838877498,
      "RelativeDistance_Exp": 0.02998767571487369,
      "R2Score_Exp": 0.015211169567079519,
      "Forgetting_Exp": 0.003229774534702301,
      "BWT_Exp": 0.003229774534702301
    },
    "adjusted_mean": {
      "Loss_Exp": 5.529459249677451,
      "RelativeDistance_Exp": 0.031972939769426945,
      "R2Score_Exp": 0.013822823762893677,
      "Forgetting_Exp": 0.003229774534702301,
      "BWT_Exp": 0.003229774534702301
    }
  },
  {
    "mean": {
      "Loss_Exp": 53.5883507827851,
      "RelativeDistance_Exp": 0.8531548579533894,
      "R2Score_Exp": 0.8071446120738983,
      "Forgetting_Exp": 0.009133358796437507,
      "BWT_Exp": -0.009133358796437507
    },
    "std": {
      "Loss_Exp": 1.3042736668327315,
      "RelativeDistance_Exp": 0.10661234458287555,
      "R2Score_Exp": 0.004566679398218754,
      "Forgetting_Exp": 0.0,
      "BWT_Exp": 0.0
    },
    "adjusted_mean": {
      "Loss_Exp": 1.304273666832728,
      "RelativeDistance_Exp": 0.1066123445828755,
      "R2Score_Exp": 0.004566679398218754,
      "Forgetting_Exp": 0.0,
      "BWT_Exp": 0.0
    }
  },
  {
    "mean": {
      "Loss_Exp": 46.94995885950918,
      "RelativeDistance_Exp": 0.6906991799672445,
      "R2Score_Exp": 0.8258077700932821
    },
    "std": {
      "Loss_Exp": 0.0,
      "RelativeDistance_Exp": 0.0,
      "R2Score_Exp": 0.0
    },
    "adjusted_mean": {
      "Loss_Exp": 0.0,
      "RelativeDistance_Exp": 0.0,
      "R2Score_Exp": 0.0
    }
  },
  {
    "mean": {
      "Loss_Exp": 73.66284657983218,
      "RelativeDistance_Exp": 1.0230806320905685,
      "R2Score_Exp": 0.8106200657784939,
      "Forgetting_Exp": 0.0628661470753806,
      "BWT_Exp": -0.0628661470753806
    },
    "std": {
      "Loss_Exp": 10.219870781449576,
      "RelativeDistance_Exp": 0.0961433870185281,
      "R2Score_Exp": 0.025479194498776798,
      "Forgetting_Exp": 0.015745209821954112,
      "BWT_Exp": 0.015745209821954112
    },
    "adjusted_mean": {
      "Loss_Exp": 21.42254792942719,
      "RelativeDistance_Exp": 0.19340665638446808,
      "R2Score_Exp": 0.028594370931386948,
      "Forgetting_Exp": 0.022352244172777452,
      "BWT_Exp": 0.02073610254696437
    }
  },
  {
    "mean": {
      "Loss_Exp": 60.64459075324199,
      "RelativeDistance_Exp": 1.054682914699827,
      "R2Score_Exp": 0.8147659684930529,
      "Forgetting_Exp": 0.08913170297940572,
      "BWT_Exp": -0.08913170297940572
    },
    "std": {
      "Loss_Exp": 13.068821515561337,
      "RelativeDistance_Exp": 0.06863553977198404,
      "R2Score_Exp": 0.0400867303159137,
      "Forgetting_Exp": 0.027200135051995297,
      "BWT_Exp": 0.027200135051995297
    },
    "adjusted_mean": {
      "Loss_Exp": 24.97183075176018,
      "RelativeDistance_Exp": 0.14008135029247826,
      "R2Score_Exp": 0.04442233698708675,
      "Forgetting_Exp": 0.047784139712651566,
      "BWT_Exp": 0.03168923656145732
    }
  },
  {
    "mean": {
      "Loss_Exp": 75.98812738584455,
      "RelativeDistance_Exp": 0.7908743023872375,
      "R2Score_Exp": 0.7615951034757825,
      "Forgetting_Exp": 0.08286922772725429,
      "BWT_Exp": -0.08286922772725429
    },
    "std": {
      "Loss_Exp": 11.869934866719086,
      "RelativeDistance_Exp": 0.07613881491869735,
      "R2Score_Exp": 0.03673870852530462,
      "Forgetting_Exp": 0.02179742555693585,
      "BWT_Exp": 0.02179742555693585
    },
    "adjusted_mean": {
      "Loss_Exp": 22.570889461918625,
      "RelativeDistance_Exp": 0.10138241449991858,
      "R2Score_Exp": 0.04616772466235686,
      "Forgetting_Exp": 0.02186216513315835,
      "BWT_Exp": 0.03235618670781455
    }
  },
  {
    "mean": {
      "Loss_Exp": 57.535915290316915,
      "RelativeDistance_Exp": 0.7115996837615967,
      "R2Score_Exp": 0.8139648616313935,
      "Forgetting_Exp": 0.048222556710243225,
      "BWT_Exp": -0.048222556710243225
    },
    "std": {
      "Loss_Exp": 6.880217299389749,
      "RelativeDistance_Exp": 0.031338507031751436,
      "R2Score_Exp": 0.02224349120975206,
      "Forgetting_Exp": 0.012384794360964237,
      "BWT_Exp": 0.012384794360964237
    },
    "adjusted_mean": {
      "Loss_Exp": 11.928055737651405,
      "RelativeDistance_Exp": 0.041578418016433694,
      "R2Score_Exp": 0.021209913492202803,
      "Forgetting_Exp": 0.018644705414772034,
      "BWT_Exp": 0.011565402150154114
    }
  },
  {
    "mean": {
      "Loss_Exp": 47.04026867233054,
      "RelativeDistance_Exp": 0.6410832311958075,
      "R2Score_Exp": 0.8213136233389378,
      "Forgetting_Exp": 0.039403135577837624,
      "BWT_Exp": -0.039403135577837624
    },
    "std": {
      "Loss_Exp": 4.901672781790226,
      "RelativeDistance_Exp": 0.04679050334340295,
      "R2Score_Exp": 0.019583598721212372,
      "Forgetting_Exp": 0.011099760289750906,
      "BWT_Exp": 0.011099760289750906
    },
    "adjusted_mean": {
      "Loss_Exp": 7.56774599854964,
      "RelativeDistance_Exp": 0.054444445297122,
      "R2Score_Exp": 0.025098759680986404,
      "Forgetting_Exp": 0.010853762427965798,
      "BWT_Exp": 0.015247975786527
    }
  },
  {
    "mean": {
      "Loss_Exp": 57.62461737655595,
      "RelativeDistance_Exp": 0.848158597946167,
      "R2Score_Exp": 0.7929118871688843,
      "Forgetting_Exp": 0.028199106454849188,
      "BWT_Exp": -0.028199106454849188
    },
    "std": {
      "Loss_Exp": 5.806632635527809,
      "RelativeDistance_Exp": 0.0873349103915004,
      "R2Score_Exp": 0.020470563180520724,
      "Forgetting_Exp": 0.01906574765841168,
      "BWT_Exp": 0.01906574765841168
    },
    "adjusted_mean": {
      "Loss_Exp": 5.340540260603582,
      "RelativeDistance_Exp": 0.10161608457565308,
      "R2Score_Exp": 0.028465449810028076,
      "Forgetting_Exp": 0.01906574765841168,
      "BWT_Exp": 0.01906574765841168
    }
  },
  {
    "mean": {
      "Loss_Exp": 51.738609954601024,
      "RelativeDistance_Exp": 0.7715512216091156,
      "R2Score_Exp": 0.7879287103811901,
      "Forgetting_Exp": 0.0757581194241842,
      "BWT_Exp": -0.0757581194241842
    },
    "std": {
      "Loss_Exp": 4.7886510950918435,
      "RelativeDistance_Exp": 0.0808520416418711,
      "R2Score_Exp": 0.0378790597120921,
      "Forgetting_Exp": 0.0,
      "BWT_Exp": 0.0
    },
    "adjusted_mean": {
      "Loss_Exp": 4.7886510950918435,
      "RelativeDistance_Exp": 0.0808520416418711,
      "R2Score_Exp": 0.037879059712092156,
      "Forgetting_Exp": 0.0,
      "BWT_Exp": 0.0
    }
  },
  {
    "mean": {
      "Loss_Exp": 55.700729252848014,
      "RelativeDistance_Exp": 0.6769103109836578,
      "R2Score_Exp": 0.8501917123794556
    },
    "std": {
      "Loss_Exp": 0.0,
      "RelativeDistance_Exp": 0.0,
      "R2Score_Exp": 0.0
    },
    "adjusted_mean": {
      "Loss_Exp": 0.0,
      "RelativeDistance_Exp": 0.0,
      "R2Score_Exp": 0.0
    }
  },
  {
    "mean": {
      "Loss_Exp": 75.72023960587245,
      "RelativeDistance_Exp": 1.0191179315249126,
      "R2Score_Exp": 0.8055832352903154,
      "Forgetting_Exp": 0.06755029782652855,
      "BWT_Exp": -0.06755029782652855
    },
    "std": {
      "Loss_Exp": 11.25626949696801,
      "RelativeDistance_Exp": 0.09133517190048206,
      "R2Score_Exp": 0.027928739552356693,
      "Forgetting_Exp": 0.01924867673663698,
      "BWT_Exp": 0.01924867673663698
    },
    "adjusted_mean": {
      "Loss_Exp": 23.479940955467463,
      "RelativeDistance_Exp": 0.18944395581881213,
      "R2Score_Exp": 0.040294643905427696,
      "Forgetting_Exp": 0.0270363949239254,
      "BWT_Exp": 0.03278905525803566
    }
  },
  {
    "mean": {
      "Loss_Exp": 63.70887255228562,
      "RelativeDistance_Exp": 1.0404336899518967,
      "R2Score_Exp": 0.8053966350853443,
      "Forgetting_Exp": 0.09802049824169703,
      "BWT_Exp": -0.09802049824169703
    },
    "std": {
      "Loss_Exp": 14.668796625406925,
      "RelativeDistance_Exp": 0.07445310937923848,
      "R2Score_Exp": 0.04495073484968653,
      "Forgetting_Exp": 0.033289922739703215,
      "BWT_Exp": 0.033289922739703215
    },
    "adjusted_mean": {
      "Loss_Exp": 28.036112550803807,
      "RelativeDistance_Exp": 0.12583212554454803,
      "R2Score_Exp": 0.06558533385396004,
      "Forgetting_Exp": 0.056672934974942885,
      "BWT_Exp": 0.05333277157374791
    }
  },
  {
    "mean": {
      "Loss_Exp": 78.2481061717724,
      "RelativeDistance_Exp": 0.79218970593952,
      "R2Score_Exp": 0.7544751309213183,
      "Forgetting_Exp": 0.08887393938170544,
      "BWT_Exp": -0.08887393938170544
    },
    "std": {
      "Loss_Exp": 12.304977478242376,
      "RelativeDistance_Exp": 0.07056444557643429,
      "R2Score_Exp": 0.03822404742352145,
      "Forgetting_Exp": 0.024004637281658185,
      "BWT_Exp": 0.024004637281658185
    },
    "adjusted_mean": {
      "Loss_Exp": 24.83086824784648,
      "RelativeDistance_Exp": 0.10269781805220102,
      "R2Score_Exp": 0.04271983532678503,
      "Forgetting_Exp": 0.027866876787609504,
      "BWT_Exp": 0.030023558272255738
    }
  },
  {
    "mean": {
      "Loss_Exp": 58.73894039307239,
      "RelativeDistance_Exp": 0.7031841476758321,
      "R2Score_Exp": 0.8100837220748266,
      "Forgetting_Exp": 0.05095102190971375,
      "BWT_Exp": -0.05095102190971375
    },
    "std": {
      "Loss_Exp": 6.8325816542248985,
      "RelativeDistance_Exp": 0.034242146406681925,
      "R2Score_Exp": 0.02208227733469395,
      "Forgetting_Exp": 0.012348465267780611,
      "BWT_Exp": 0.012348465267780611
    },
    "adjusted_mean": {
      "Loss_Exp": 13.13108084040688,
      "RelativeDistance_Exp": 0.04207768042882287,
      "R2Score_Exp": 0.019405697782834408,
      "Forgetting_Exp": 0.021373170614242556,
      "BWT_Exp": 0.010913860797882077
    }
  },
  {
    "mean": {
      "Loss_Exp": 48.22321608104845,
      "RelativeDistance_Exp": 0.6343152806162834,
      "R2Score_Exp": 0.8166676223278045,
      "Forgetting_Exp": 0.04274794086813927,
      "BWT_Exp": -0.04274794086813927
    },
    "std": {
      "Loss_Exp": 4.981824478538382,
      "RelativeDistance_Exp": 0.043985242783128084,
      "R2Score_Exp": 0.01982814092850309,
      "Forgetting_Exp": 0.011223487700244424,
      "BWT_Exp": 0.011223487700244424
    },
    "adjusted_mean": {
      "Loss_Exp": 8.750693407267548,
      "RelativeDistance_Exp": 0.04767649471759794,
      "R2Score_Exp": 0.020452758669853188,
      "Forgetting_Exp": 0.01419856771826744,
      "BWT_Exp": 0.011903170496225357
    }
  },
  {
    "mean": {
      "Loss_Exp": 59.66894679328914,
      "RelativeDistance_Exp": 0.8431681841611862,
      "R2Score_Exp": 0.7855722904205322,
      "Forgetting_Exp": 0.03485200140211312,
      "BWT_Exp": -0.03485200140211312
    },
    "std": {
      "Loss_Exp": 6.150250825400894,
      "RelativeDistance_Exp": 0.07612655659528106,
      "R2Score_Exp": 0.02181494920876572,
      "Forgetting_Exp": 0.01818947987733973,
      "BWT_Exp": 0.01818947987733973
    },
    "adjusted_mean": {
      "Loss_Exp": 7.384869677336766,
      "RelativeDistance_Exp": 0.0966256707906723,
      "R2Score_Exp": 0.022018790245056152,
      "Forgetting_Exp": 0.025718642605675614,
      "BWT_Exp": 0.013305789894527874
    }
  },
  {
    "mean": {
      "Loss_Exp": 54.863122770197826,
      "RelativeDistance_Exp": 0.7773692607879639,
      "R2Score_Exp": 0.7764387726783752,
      "Forgetting_Exp": 0.07405349612236029,
      "BWT_Exp": -0.07405349612236029
    },
    "std": {
      "Loss_Exp": 5.900221482566576,
      "RelativeDistance_Exp": 0.06652619222190459,
      "R2Score_Exp": 0.034936887572840365,
      "Forgetting_Exp": 0.0017046233018239154,
      "BWT_Exp": 0.0017046233018239154
    },
    "adjusted_mean": {
      "Loss_Exp": 7.913163910688645,
      "RelativeDistance_Exp": 0.08667008082071936,
      "R2Score_Exp": 0.026389122009277344,
      "Forgetting_Exp": 0.0017046233018239154,
      "BWT_Exp": 0.0017046233018239154
    }
  },
  {
    "mean": {
      "Loss_Exp": 57.831232250275704,
      "RelativeDistance_Exp": 0.6516819149255753,
      "R2Score_Exp": 0.8335418701171875,
      "Forgetting_Exp": 0.03329968452453613,
      "BWT_Exp": -0.03329968452453613
    },
    "std": {
      "Loss_Exp": 2.130502997427694,
      "RelativeDistance_Exp": 0.02522839605808258,
      "R2Score_Exp": 0.016649842262268066,
      "Forgetting_Exp": 0.0,
      "BWT_Exp": 0.0
    },
    "adjusted_mean": {
      "Loss_Exp": 2.1305029974276906,
      "RelativeDistance_Exp": 0.02522839605808258,
      "R2Score_Exp": 0.016649842262268066,
      "Forgetting_Exp": 0.0,
      "BWT_Exp": 0.0
    }
  },
  {
    "mean": {
      "Loss_Exp": 55.46039274141386,
      "RelativeDistance_Exp": 0.6893725246191025,
      "R2Score_Exp": 0.8083937466144562
    },
    "std": {
      "Loss_Exp": 0.0,
      "RelativeDistance_Exp": 0.0,
      "R2Score_Exp": 0.0
    },
    "adjusted_mean": {
      "Loss_Exp": 0.0,
      "RelativeDistance_Exp": 0.0,
      "R2Score_Exp": 0.0
    }
  },
  {
    "mean": {
      "Loss_Exp": 76.5477009483786,
      "RelativeDistance_Exp": 1.016829612851143,
      "R2Score_Exp": 0.8035257428884506,
      "Forgetting_Exp": 0.06900244620111254,
      "BWT_Exp": -0.06900244620111254
    },
    "std": {
      "Loss_Exp": 10.963369607452542,
      "RelativeDistance_Exp": 0.08691967489962242,
      "R2Score_Exp": 0.02720500907073214,
      "Forgetting_Exp": 0.018606812855697343,
      "BWT_Exp": 0.018606812855697343
    },
    "adjusted_mean": {
      "Loss_Exp": 24.307402297973617,
      "RelativeDistance_Exp": 0.18715563714504246,
      "R2Score_Exp": 0.03823715150356288,
      "Forgetting_Exp": 0.02848854329850939,
      "BWT_Exp": 0.03133690688345167
    }
  },
  {
    "mean": {
      "Loss_Exp": 65.29827318526333,
      "RelativeDistance_Exp": 1.0146945549382105,
      "R2Score_Exp": 0.8005246387587653,
      "Forgetting_Exp": 0.10196992382407188,
      "BWT_Exp": -0.10196992382407188
    },
    "std": {
      "Loss_Exp": 14.542179075183375,
      "RelativeDistance_Exp": 0.10113046859274537,
      "R2Score_Exp": 0.04456401834447573,
      "Forgetting_Exp": 0.03284626803045517,
      "BWT_Exp": 0.03284626803045517
    },
    "adjusted_mean": {
      "Loss_Exp": 29.625513183781514,
      "RelativeDistance_Exp": 0.2059130801094904,
      "R2Score_Exp": 0.06071333752738106,
      "Forgetting_Exp": 0.060622360557317734,
      "BWT_Exp": 0.04938334599137306
    }
  },
  {
    "mean": {
      "Loss_Exp": 79.00929953130367,
      "RelativeDistance_Exp": 0.7850953837235768,
      "R2Score_Exp": 0.7520702853798866,
      "Forgetting_Exp": 0.08980858042126615,
      "BWT_Exp": -0.08980858042126615
    },
    "std": {
      "Loss_Exp": 11.685111005536367,
      "RelativeDistance_Exp": 0.06862382393160725,
      "R2Score_Exp": 0.036317021502364086,
      "Forgetting_Exp": 0.0223415849572136,
      "BWT_Exp": 0.0223415849572136
    },
    "adjusted_mean": {
      "Loss_Exp": 25.592061607377744,
      "RelativeDistance_Exp": 0.09560349583625782,
      "R2Score_Exp": 0.040314989785353306,
      "Forgetting_Exp": 0.028801517827170206,
      "BWT_Exp": 0.029088917232695036
    }
  },
  {
    "mean": {
      "Loss_Exp": 59.10980918268332,
      "RelativeDistance_Exp": 0.6974158031599862,
      "R2Score_Exp": 0.8088923522404262,
      "Forgetting_Exp": 0.05092564721902212,
      "BWT_Exp": -0.05092564721902212
    },
    "std": {
      "Loss_Exp": 6.390638980486761,
      "RelativeDistance_Exp": 0.03470826801100525,
      "R2Score_Exp": 0.020651444228899526,
      "Forgetting_Exp": 0.011272697759008646,
      "BWT_Exp": 0.011272697759008646
    },
    "adjusted_mean": {
      "Loss_Exp": 13.501949630017812,
      "RelativeDistance_Exp": 0.036309335912976914,
      "R2Score_Exp": 0.018214327948434028,
      "Forgetting_Exp": 0.021347795923550926,
      "BWT_Exp": 0.010939235488573708
    }
  },
  {
    "mean": {
      "Loss_Exp": 48.5020181626183,
      "RelativeDistance_Exp": 0.6272215557595094,
      "R2Score_Exp": 0.815165102481842,
      "Forgetting_Exp": 0.042841047048568726,
      "BWT_Exp": -0.042841047048568726
    },
    "std": {
      "Loss_Exp": 4.590293993770106,
      "RelativeDistance_Exp": 0.04317239836547191,
      "R2Score_Exp": 0.01840970233340848,
      "Forgetting_Exp": 0.010040319515302635,
      "BWT_Exp": 0.010040319515302635
    },
    "adjusted_mean": {
      "Loss_Exp": 9.029495488837398,
      "RelativeDistance_Exp": 0.040582769860823986,
      "R2Score_Exp": 0.018950238823890686,
      "Forgetting_Exp": 0.0142916738986969,
      "BWT_Exp": 0.011810064315795898
    }
  },
  {
    "mean": {
      "Loss_Exp": 60.088715411225294,
      "RelativeDistance_Exp": 0.8445539752642313,
      "R2Score_Exp": 0.7840475757916768,
      "Forgetting_Exp": 0.0345796446005503,
      "BWT_Exp": -0.0345796446005503
    },
    "std": {
      "Loss_Exp": 5.564646524505542,
      "RelativeDistance_Exp": 0.06814604730407144,
      "R2Score_Exp": 0.019748737326285067,
      "Forgetting_Exp": 0.015759613521218813,
      "BWT_Exp": 0.015759613521218813
    },
    "adjusted_mean": {
      "Loss_Exp": 7.804638295272923,
      "RelativeDistance_Exp": 0.09801146189371734,
      "R2Score_Exp": 0.020494075616200758,
      "Forgetting_Exp": 0.02544628580411279,
      "BWT_Exp": 0.013578146696090698
    }
  },
  {
    "mean": {
      "Loss_Exp": 56.449391037453225,
      "RelativeDistance_Exp": 0.7793237318595251,
      "R2Score_Exp": 0.7710314393043518,
      "Forgetting_Exp": 0.07303510771857373,
      "BWT_Exp": -0.07303510771857373
    },
    "std": {
      "Loss_Exp": 5.80156885718074,
      "RelativeDistance_Exp": 0.057712741748837906,
      "R2Score_Exp": 0.03167265930753918,
      "Forgetting_Exp": 0.002002845546386753,
      "BWT_Exp": 0.002002845546386753
    },
    "adjusted_mean": {
      "Loss_Exp": 9.499432177944044,
      "RelativeDistance_Exp": 0.08862455189228058,
      "R2Score_Exp": 0.020981788635253906,
      "Forgetting_Exp": 0.0020367768075731235,
      "BWT_Exp": 0.0027230117056104702
    }
  },
  {
    "mean": {
      "Loss_Exp": 59.321092912560125,
      "RelativeDistance_Exp": 0.6272530953089396,
      "R2Score_Exp": 0.8270756006240845,
      "Forgetting_Exp": 0.03467416763305664,
      "BWT_Exp": -0.03467416763305664
    },
    "std": {
      "Loss_Exp": 2.732288101099653,
      "RelativeDistance_Exp": 0.04022249496032325,
      "R2Score_Exp": 0.016384040422124463,
      "Forgetting_Exp": 0.0013744831085205078,
      "BWT_Exp": 0.0013744831085205078
    },
    "adjusted_mean": {
      "Loss_Exp": 3.620363659712112,
      "RelativeDistance_Exp": 0.048857639233271244,
      "R2Score_Exp": 0.012932538986206055,
      "Forgetting_Exp": 0.0013744831085205078,
      "BWT_Exp": 0.0013744831085205078
    }
  },
  {
    "mean": {
      "Loss_Exp": 53.34400855720817,
      "RelativeDistance_Exp": 0.6833820417523384,
      "R2Score_Exp": 0.8151790797710419,
      "Forgetting_Exp": -0.013570666313171387,
      "BWT_Exp": 0.013570666313171387
    },
    "std": {
      "Loss_Exp": 2.116384184205689,
      "RelativeDistance_Exp": 0.005990482866764069,
      "R2Score_Exp": 0.006785333156585693,
      "Forgetting_Exp": 0.0,
      "BWT_Exp": 0.0
    },
    "adjusted_mean": {
      "Loss_Exp": 2.1163841842056854,
      "RelativeDistance_Exp": 0.005990482866764069,
      "R2Score_Exp": 0.006785333156585693,
      "Forgetting_Exp": 0.0,
      "BWT_Exp": 0.0
    }
  },
  {
    "mean": {
      "Loss_Exp": 52.629230739990376,
      "RelativeDistance_Exp": 0.7249304056167603,
      "R2Score_Exp": 0.8538701236248016
    },
    "std": {
      "Loss_Exp": 0.0,
      "RelativeDistance_Exp": 0.0,
      "R2Score_Exp": 0.0
    },
    "adjusted_mean": {
      "Loss_Exp": 0.0,
      "RelativeDistance_Exp": 0.0,
      "R2Score_Exp": 0.0
    }
  },
  {
    "mean": {
      "Loss_Exp": 79.04086173425968,
      "RelativeDistance_Exp": 1.0009852729060433,
      "R2Score_Exp": 0.7998036200349982,
      "Forgetting_Exp": 0.07240675687789917,
      "BWT_Exp": -0.07240675687789917
    },
    "std": {
      "Loss_Exp": 13.093017948385537,
      "RelativeDistance_Exp": 0.09684337906645832,
      "R2Score_Exp": 0.028484584386467168,
      "Forgetting_Exp": 0.02039353124985962,
      "BWT_Exp": 0.02039353124985962
    },
    "adjusted_mean": {
      "Loss_Exp": 26.80056308385469,
      "RelativeDistance_Exp": 0.17131129719994287,
      "R2Score_Exp": 0.03722122853452514,
      "Forgetting_Exp": 0.03189285397529602,
      "BWT_Exp": 0.03063879609107971
    }
  },
  {
    "mean": {
      "Loss_Exp": 67.94143279896218,
      "RelativeDistance_Exp": 1.0123647898435593,
      "R2Score_Exp": 0.7935741126537323,
      "Forgetting_Exp": 0.10843384265899658,
      "BWT_Exp": -0.10843384265899658
    },
    "std": {
      "Loss_Exp": 15.912388561137822,
      "RelativeDistance_Exp": 0.09619503499960758,
      "R2Score_Exp": 0.047139631692842084,
      "Forgetting_Exp": 0.03596192485107857,
      "BWT_Exp": 0.03596192485107857
    },
    "adjusted_mean": {
      "Loss_Exp": 32.26867279748037,
      "RelativeDistance_Exp": 0.20358331501483917,
      "R2Score_Exp": 0.06255473494529729,
      "Forgetting_Exp": 0.06708627939224243,
      "BWT_Exp": 0.05171135067939758
    }
  },
  {
    "mean": {
      "Loss_Exp": 78.71737685124029,
      "RelativeDistance_Exp": 0.7789909420190033,
      "R2Score_Exp": 0.7524666543360109,
      "Forgetting_Exp": 0.08795940627654397,
      "BWT_Exp": -0.08795940627654397
    },
    "std": {
      "Loss_Exp": 11.047726316986903,
      "RelativeDistance_Exp": 0.0669633869295888,
      "R2Score_Exp": 0.03425836508971316,
      "Forgetting_Exp": 0.021463672361059435,
      "BWT_Exp": 0.021463672361059435
    },
    "adjusted_mean": {
      "Loss_Exp": 25.300138927314364,
      "RelativeDistance_Exp": 0.08949905413168435,
      "R2Score_Exp": 0.04071135874147758,
      "Forgetting_Exp": 0.026952343682448032,
      "BWT_Exp": 0.03093809137741721
    }
  },
  {
    "mean": {
      "Loss_Exp": 59.427038244782054,
      "RelativeDistance_Exp": 0.6867869421839714,
      "R2Score_Exp": 0.8073411993682384,
      "Forgetting_Exp": 0.05165909443582807,
      "BWT_Exp": -0.05165909443582807
    },
    "std": {
      "Loss_Exp": 6.036528240754991,
      "RelativeDistance_Exp": 0.04295217904036364,
      "R2Score_Exp": 0.019748782412523643,
      "Forgetting_Exp": 0.01058999508315715,
      "BWT_Exp": 0.01058999508315715
    },
    "adjusted_mean": {
      "Loss_Exp": 13.819178692116544,
      "RelativeDistance_Exp": 0.07440202683210373,
      "R2Score_Exp": 0.01666317507624626,
      "Forgetting_Exp": 0.02208124314035688,
      "BWT_Exp": 0.010205788271767754
    }
  },
  {
    "mean": {
      "Loss_Exp": 50.113264390719245,
      "RelativeDistance_Exp": 0.6412391481654984,
      "R2Score_Exp": 0.8129178753920964,
      "Forgetting_Exp": 0.04427278290192286,
      "BWT_Exp": -0.04427278290192286
    },
    "std": {
      "Loss_Exp": 5.799773379973842,
      "RelativeDistance_Exp": 0.05269296178523354,
      "R2Score_Exp": 0.017910906824492152,
      "Forgetting_Exp": 0.009708553844078475,
      "BWT_Exp": 0.009708553844078475
    },
    "adjusted_mean": {
      "Loss_Exp": 10.640741716938344,
      "RelativeDistance_Exp": 0.054600362266812974,
      "R2Score_Exp": 0.016703011734145012,
      "Forgetting_Exp": 0.015723409752051033,
      "BWT_Exp": 0.010378328462441765
    }
  },
  {
    "mean": {
      "Loss_Exp": 59.27842669466068,
      "RelativeDistance_Exp": 0.8035548991627163,
      "R2Score_Exp": 0.7840079300933414,
      "Forgetting_Exp": 0.03324403365453081,
      "BWT_Exp": -0.03324403365453081
    },
    "std": {
      "Loss_Exp": 5.393259509783419,
      "RelativeDistance_Exp": 0.11079045239488397,
      "R2Score_Exp": 0.018028266155100812,
      "Forgetting_Exp": 0.014346698612121695,
      "BWT_Exp": 0.014346698612121695
    },
    "adjusted_mean": {
      "Loss_Exp": 6.994349578708309,
      "RelativeDistance_Exp": 0.20499538050757504,
      "R2Score_Exp": 0.02045442991786528,
      "Forgetting_Exp": 0.024110674858093303,
      "BWT_Exp": 0.014913757642110184
    }
  },
  {
    "mean": {
      "Loss_Exp": 58.199781087410315,
      "RelativeDistance_Exp": 0.7739960134029389,
      "R2Score_Exp": 0.7796608408292134,
      "Forgetting_Exp": 0.05768366158008581,
      "BWT_Exp": -0.05768366158008581
    },
    "std": {
      "Loss_Exp": 6.259554478686375,
      "RelativeDistance_Exp": 0.052708128253098153,
      "R2Score_Exp": 0.033172159423201515,
      "Forgetting_Exp": 0.02664599854275868,
      "BWT_Exp": 0.02664599854275868
    },
    "adjusted_mean": {
      "Loss_Exp": 11.249822227901134,
      "RelativeDistance_Exp": 0.08329683343569438,
      "R2Score_Exp": 0.029611190160115486,
      "Forgetting_Exp": 0.04605433841546375,
      "BWT_Exp": 0.01807445784409839
    }
  },
  {
    "mean": {
      "Loss_Exp": 56.106409779940115,
      "RelativeDistance_Exp": 0.6140801310539246,
      "R2Score_Exp": 0.8245050460100174,
      "Forgetting_Exp": 0.03424888849258423,
      "BWT_Exp": -0.03424888849258423
    },
    "std": {
      "Loss_Exp": 6.049926580547315,
      "RelativeDistance_Exp": 0.041640938839279724,
      "R2Score_Exp": 0.014871141129283283,
      "Forgetting_Exp": 0.0012732611299522863,
      "BWT_Exp": 0.0012732611299522863
    },
    "adjusted_mean": {
      "Loss_Exp": 9.644049397860037,
      "RelativeDistance_Exp": 0.039518892765045166,
      "R2Score_Exp": 0.010361984372138977,
      "Forgetting_Exp": 0.0009492039680480957,
      "BWT_Exp": 0.00179976224899292
    }
  },
  {
    "mean": {
      "Loss_Exp": 55.95561058880593,
      "RelativeDistance_Exp": 0.8436179906129837,
      "R2Score_Exp": 0.808718760808309,
      "Forgetting_Exp": -0.00048752129077911377,
      "BWT_Exp": 0.00048752129077911377
    },
    "std": {
      "Loss_Exp": 4.077620019038282,
      "RelativeDistance_Exp": 0.22666063296889616,
      "R2Score_Exp": 0.010684815061466187,
      "Forgetting_Exp": 0.013083145022392273,
      "BWT_Exp": 0.013083145022392273
    },
    "adjusted_mean": {
      "Loss_Exp": 4.727986215803448,
      "RelativeDistance_Exp": 0.16622643172740936,
      "R2Score_Exp": 0.012920637925465939,
      "Forgetting_Exp": 0.013083145022392273,
      "BWT_Exp": 0.013083145022392273
    }
  },
  {
    "mean": {
      "Loss_Exp": 60.66756186862349,
      "RelativeDistance_Exp": 0.713371217250824,
      "R2Score_Exp": 0.8332164734601974
    },
    "std": {
      "Loss_Exp": 8.03833112863311,
      "RelativeDistance_Exp": 0.01155918836593628,
      "R2Score_Exp": 0.020653650164604187
    },
    "adjusted_mean": {
      "Loss_Exp": 8.03833112863311,
      "RelativeDistance_Exp": 0.01155918836593628,
      "R2Score_Exp": 0.020653650164604187
    }
  }
]