training_exp,epoch,lr,Loss_Epoch,RelativeDistance_Epoch,R2Score_Epoch
0,0,0.002,197.3382,4.7956,0.1955,0.0,0.0
0,1,0.002,165.6895,2.8566,0.3008,0.0,0.0
0,2,0.002,146.6594,3.6930,0.3841,0.0,0.0
0,3,0.002,132.0103,2.8700,0.4522,0.0,0.0
0,4,0.002,121.0164,2.5234,0.4987,0.0,0.0
0,5,0.002,111.7763,2.3123,0.5415,0.0,0.0
0,6,0.002,103.8780,2.0561,0.5735,0.0,0.0
0,7,0.002,97.8993,1.7457,0.5950,0.0,0.0
0,8,0.002,91.7481,1.6568,0.6239,0.0,0.0
0,9,0.002,86.4007,1.5672,0.6459,0.0,0.0
0,10,0.002,82.0978,1.5470,0.6636,0.0,0.0
0,11,0.002,77.9833,1.4958,0.6810,0.0,0.0
0,12,0.002,73.6712,1.3748,0.6992,0.0,0.0
0,13,0.002,70.0011,1.2801,0.7145,0.0,0.0
0,14,0.002,67.1611,1.2806,0.7263,0.0,0.0
0,15,0.002,64.2349,1.1824,0.7389,0.0,0.0
0,16,0.002,61.9873,1.1317,0.7476,0.0,0.0
0,17,0.002,58.9714,1.1115,0.7590,0.0,0.0
0,18,0.002,57.4743,1.1072,0.7648,0.0,0.0
0,19,0.002,55.6293,1.0116,0.7723,0.0,0.0
0,20,0.002,54.5382,1.0021,0.7756,0.0,0.0
0,21,0.002,53.3329,0.9804,0.7800,0.0,0.0
0,22,0.002,51.1742,0.9901,0.7887,0.0,0.0
0,23,0.002,49.7767,0.9522,0.7944,0.0,0.0
0,24,0.002,48.8740,0.9442,0.7978,0.0,0.0
0,25,0.002,47.6163,0.9167,0.8021,0.0,0.0
0,26,0.002,46.9287,0.8841,0.8045,0.0,0.0
0,27,0.002,46.5589,0.8910,0.8067,0.0,0.0
0,28,0.002,45.8926,0.8663,0.8082,0.0,0.0
0,29,0.002,44.9455,0.8631,0.8123,0.0,0.0
0,30,0.002,44.0554,0.8454,0.8148,0.0,0.0
0,31,0.002,43.4626,0.8225,0.8185,0.0,0.0
0,32,0.002,42.4791,0.8311,0.8215,0.0,0.0
0,33,0.002,42.3287,0.8171,0.8224,0.0,0.0
0,34,0.002,41.2871,0.8546,0.8257,0.0,0.0
0,35,0.002,41.4340,0.8607,0.8253,0.0,0.0
0,36,0.002,40.6626,0.8248,0.8286,0.0,0.0
0,37,0.002,40.6943,0.8055,0.8287,0.0,0.0
0,38,0.002,40.2979,0.7899,0.8291,0.0,0.0
0,39,0.002,40.5805,0.7887,0.8292,0.0,0.0
0,40,0.002,39.4432,0.7603,0.8332,0.0,0.0
0,41,0.002,38.4289,0.7750,0.8373,0.0,0.0
0,42,0.002,38.5139,0.7647,0.8365,0.0,0.0
0,43,0.002,39.3983,0.7419,0.8333,0.0,0.0
0,44,0.002,38.5753,0.7263,0.8374,0.0,0.0
0,45,0.002,37.3825,0.7516,0.8403,0.0,0.0
0,46,0.002,36.7431,0.7775,0.8436,0.0,0.0
0,47,0.002,36.1640,0.7543,0.8457,0.0,0.0
0,48,0.002,36.2689,0.7303,0.8455,0.0,0.0
0,49,0.002,36.0369,0.7546,0.8457,0.0,0.0
0,50,0.002,35.9096,0.7211,0.8475,0.0,0.0
0,51,0.002,34.9945,0.7399,0.8498,0.0,0.0
0,52,0.002,35.9931,0.7424,0.8463,0.0,0.0
0,53,0.002,34.8644,0.7398,0.8506,0.0,0.0
0,54,0.002,34.3822,0.7133,0.8533,0.0,0.0
0,55,0.002,34.4710,0.7467,0.8522,0.0,0.0
0,56,0.002,34.3776,0.7284,0.8534,0.0,0.0
0,57,0.002,34.5013,0.7404,0.8524,0.0,0.0
0,58,0.002,34.9922,0.7060,0.8495,0.0,0.0
0,59,0.002,34.6854,0.6953,0.8518,0.0,0.0
0,60,0.002,34.1010,0.6798,0.8546,0.0,0.0
0,61,0.002,33.4568,0.6970,0.8559,0.0,0.0
0,62,0.002,33.1926,0.6761,0.8578,0.0,0.0
0,63,0.002,32.8337,0.7036,0.8589,0.0,0.0
0,64,0.002,33.4766,0.6803,0.8564,0.0,0.0
0,65,0.002,32.9963,0.6950,0.8573,0.0,0.0
0,66,0.002,32.3045,0.6847,0.8611,0.0,0.0
0,67,0.002,32.0989,0.6973,0.8616,0.0,0.0
0,68,0.002,32.3928,0.6717,0.8600,0.0,0.0
0,69,0.002,31.9057,0.6679,0.8630,0.0,0.0
0,70,0.002,31.4113,0.6892,0.8640,0.0,0.0
0,71,0.002,31.0953,0.6730,0.8654,0.0,0.0
0,72,0.002,31.0654,0.6830,0.8654,0.0,0.0
0,73,0.002,31.7169,0.6697,0.8631,0.0,0.0
0,74,0.002,31.2580,0.6513,0.8654,0.0,0.0
0,75,0.002,31.6196,0.6448,0.8638,0.0,0.0
0,76,0.002,31.1425,0.6510,0.8659,0.0,0.0
0,77,0.002,30.5428,0.6519,0.8683,0.0,0.0
0,78,0.002,30.7084,0.6793,0.8668,0.0,0.0
0,79,0.002,30.8994,0.6363,0.8670,0.0,0.0
0,80,0.002,30.1886,0.6434,0.8693,0.0,0.0
0,81,0.002,29.9542,0.6673,0.8702,0.0,0.0
0,82,0.002,30.0227,0.6254,0.8703,0.0,0.0
0,83,0.002,29.9133,0.6338,0.8700,0.0,0.0
0,84,0.002,29.9352,0.6325,0.8704,0.0,0.0
0,85,0.002,29.8136,0.6317,0.8714,0.0,0.0
0,86,0.002,30.1505,0.6284,0.8685,0.0,0.0
0,87,0.002,29.6228,0.6400,0.8721,0.0,0.0
0,88,0.002,29.7408,0.6256,0.8712,0.0,0.0
0,89,0.002,29.6262,0.6286,0.8713,0.0,0.0
0,90,0.002,29.1950,0.6129,0.8738,0.0,0.0
0,91,0.002,29.0386,0.6435,0.8739,0.0,0.0
0,92,0.002,29.0052,0.6345,0.8747,0.0,0.0
0,93,0.002,29.6211,0.6196,0.8721,0.0,0.0
0,94,0.002,29.2506,0.5980,0.8732,0.0,0.0
0,95,0.002,29.3628,0.5840,0.8736,0.0,0.0
0,96,0.002,29.6379,0.6000,0.8719,0.0,0.0
0,97,0.002,29.0912,0.6123,0.8737,0.0,0.0
0,98,0.002,28.7283,0.6120,0.8760,0.0,0.0
0,99,0.002,28.4949,0.6294,0.8759,0.0,0.0
0,100,0.002,28.5204,0.6068,0.8764,0.0,0.0
0,101,0.002,28.4626,0.6052,0.8758,0.0,0.0
0,102,0.002,28.5294,0.6175,0.8751,0.0,0.0
0,103,0.002,28.1753,0.6199,0.8774,0.0,0.0
0,104,0.002,28.2565,0.6101,0.8764,0.0,0.0
0,105,0.002,27.9847,0.6007,0.8783,0.0,0.0
0,106,0.002,28.8971,0.6001,0.8750,0.0,0.0
0,107,0.002,28.8461,0.5739,0.8746,0.0,0.0
0,108,0.002,29.1433,0.5635,0.8737,0.0,0.0
0,109,0.002,29.3873,0.5702,0.8741,0.0,0.0
0,110,0.002,28.6703,0.5991,0.8735,0.0,0.0
0,111,0.002,28.8817,0.5658,0.8751,0.0,0.0
0,112,0.002,27.8537,0.6057,0.8790,0.0,0.0
0,113,0.002,28.0981,0.5836,0.8777,0.0,0.0
0,114,0.002,27.8500,0.5766,0.8791,0.0,0.0
0,115,0.002,28.1531,0.5855,0.8780,0.0,0.0
0,116,0.002,27.2110,0.5796,0.8815,0.0,0.0
0,117,0.002,27.6005,0.5860,0.8804,0.0,0.0
0,118,0.002,27.2640,0.5852,0.8814,0.0,0.0
0,119,0.002,27.1930,0.6079,0.8813,0.0,0.0
0,120,0.002,27.8270,0.5567,0.8799,0.0,0.0
0,121,0.002,28.1399,0.5479,0.8777,0.0,0.0
0,122,0.002,29.2731,0.5379,0.8739,0.0,0.0
0,123,0.002,28.5435,0.5532,0.8765,0.0,0.0
0,124,0.002,28.5855,0.5655,0.8769,0.0,0.0
0,125,0.002,27.0870,0.5763,0.8821,0.0,0.0
0,126,0.002,27.4727,0.5502,0.8815,0.0,0.0
0,127,0.002,26.9749,0.5824,0.8825,0.0,0.0
0,128,0.002,27.2127,0.5640,0.8820,0.0,0.0
0,129,0.002,26.7019,0.5755,0.8833,0.0,0.0
0,130,0.002,27.8321,0.5446,0.8786,0.0,0.0
0,131,0.002,27.4638,0.5731,0.8817,0.0,0.0
0,132,0.002,27.8613,0.5682,0.8782,0.0,0.0
0,133,0.002,26.6623,0.5797,0.8840,0.0,0.0
0,134,0.002,26.4762,0.5937,0.8849,0.0,0.0
0,135,0.002,26.3266,0.5745,0.8854,0.0,0.0
0,136,0.002,27.0060,0.5750,0.8825,0.0,0.0
0,137,0.002,27.5864,0.5462,0.8806,0.0,0.0
0,138,0.002,28.1336,0.5364,0.8790,0.0,0.0
0,139,0.002,28.0446,0.5443,0.8780,0.0,0.0
0,140,0.002,27.6471,0.5493,0.8799,0.0,0.0
0,141,0.002,28.1895,0.5464,0.8778,0.0,0.0
0,142,0.002,28.0664,0.5370,0.8783,0.0,0.0
0,143,0.002,27.2043,0.5507,0.8830,0.0,0.0
0,144,0.002,26.8366,0.5540,0.8821,0.0,0.0
0,145,0.002,26.1322,0.5674,0.8863,0.0,0.0
0,146,0.002,26.2651,0.5464,0.8857,0.0,0.0
0,147,0.002,26.1170,0.5505,0.8857,0.0,0.0
0,148,0.002,25.6055,0.5728,0.8883,0.0,0.0
0,149,0.002,26.1645,0.5562,0.8859,0.0,0.0
0,150,0.002,27.1381,0.5465,0.8821,0.0,0.0
0,151,0.002,28.7185,0.5363,0.8767,0.0,0.0
0,152,0.002,27.8039,0.5351,0.8780,0.0,0.0
0,153,0.002,26.8700,0.5284,0.8833,0.0,0.0
0,154,0.002,26.2927,0.5524,0.8852,0.0,0.0
0,155,0.002,26.1736,0.5516,0.8855,0.0,0.0
0,156,0.002,25.5474,0.5589,0.8884,0.0,0.0
0,157,0.001,26.7405,0.5329,0.8833,0.0,0.0
0,158,0.001,26.5799,0.5289,0.8847,0.0,0.0
0,159,0.001,25.5115,0.5534,0.8883,0.0,0.0
0,160,0.001,26.0383,0.5252,0.8869,0.0,0.0
0,161,0.001,26.0254,0.5292,0.8865,0.0,0.0
0,162,0.001,26.3682,0.5310,0.8849,0.0,0.0
0,163,0.001,25.2025,0.5432,0.8901,0.0,0.0
0,164,0.001,25.7921,0.5323,0.8874,0.0,0.0
0,165,0.001,26.0597,0.5255,0.8863,0.0,0.0
0,166,0.001,26.1319,0.5327,0.8867,0.0,0.0
0,167,0.001,25.3858,0.5436,0.8893,0.0,0.0
0,168,0.001,25.6978,0.5379,0.8877,0.0,0.0
0,169,0.001,25.8512,0.5353,0.8875,0.0,0.0
0,170,0.001,25.8158,0.5424,0.8876,0.0,0.0
0,171,0.001,25.9632,0.5326,0.8871,0.0,0.0
0,172,0.001,26.5130,0.5230,0.8847,0.0,0.0
0,173,0.001,25.7445,0.5304,0.8884,0.0,0.0
0,174,0.001,26.4493,0.5211,0.8850,0.0,0.0
0,175,0.001,25.2247,0.5304,0.8898,0.0,0.0
0,176,0.001,25.9136,0.5290,0.8872,0.0,0.0
0,177,0.001,26.2795,0.5284,0.8858,0.0,0.0
0,178,0.001,25.4534,0.5310,0.8893,0.0,0.0
0,179,0.001,26.1937,0.5244,0.8858,0.0,0.0
0,180,0.001,26.5880,0.5227,0.8848,0.0,0.0
0,181,0.001,25.7129,0.5219,0.8881,0.0,0.0
0,182,0.001,25.2332,0.5330,0.8897,0.0,0.0
0,183,0.001,25.9591,0.5198,0.8866,0.0,0.0
0,184,0.001,25.5146,0.5294,0.8892,0.0,0.0
0,185,0.001,25.1947,0.5420,0.8899,0.0,0.0
0,186,0.0005,26.2762,0.5245,0.8860,0.0,0.0
0,187,0.0005,25.4122,0.5300,0.8889,0.0,0.0
0,188,0.0005,25.5972,0.5288,0.8882,0.0,0.0
0,189,0.0005,25.5371,0.5267,0.8891,0.0,0.0
0,190,0.0005,25.4485,0.5298,0.8887,0.0,0.0
0,191,0.0005,25.8141,0.5234,0.8875,0.0,0.0
0,192,0.0005,25.2549,0.5268,0.8900,0.0,0.0
0,193,0.0005,25.7060,0.5242,0.8879,0.0,0.0
0,194,0.0005,25.1868,0.5236,0.8898,0.0,0.0
0,195,0.0005,25.8144,0.5155,0.8877,0.0,0.0
0,196,0.0005,25.1290,0.5246,0.8906,0.0,0.0
0,197,0.0005,25.9644,0.5166,0.8872,0.0,0.0
0,198,0.00025,25.4346,0.5218,0.8891,0.0,0.0
0,199,0.00025,25.2463,0.5228,0.8900,0.0,0.0
1,0,0.002,43.5906,0.8285,0.8167,0.0,0.0
1,1,0.002,37.1275,0.9089,0.8377,0.0,0.0
1,2,0.002,35.8241,0.8279,0.8433,0.0,0.0
1,3,0.002,34.3824,0.7749,0.8482,0.0,0.0
1,4,0.002,35.4514,0.7573,0.8469,0.0,0.0
1,5,0.002,33.9472,0.7288,0.8503,0.0,0.0
1,6,0.002,33.1999,0.7287,0.8520,0.0,0.0
1,7,0.002,33.1577,0.7585,0.8532,0.0,0.0
1,8,0.002,32.7587,0.7424,0.8536,0.0,0.0
1,9,0.002,32.0979,0.7117,0.8575,0.0,0.0
1,10,0.002,30.9331,0.7626,0.8609,0.0,0.0
1,11,0.002,31.4945,0.7294,0.8585,0.0,0.0
1,12,0.002,31.7146,0.7002,0.8589,0.0,0.0
1,13,0.002,33.1279,0.7174,0.8527,0.0,0.0
1,14,0.002,31.1939,0.6905,0.8615,0.0,0.0
1,15,0.002,30.2397,0.7376,0.8643,0.0,0.0
1,16,0.002,30.0561,0.7064,0.8665,0.0,0.0
1,17,0.002,31.6693,0.6860,0.8574,0.0,0.0
1,18,0.002,29.4064,0.7155,0.8684,0.0,0.0
1,19,0.002,30.6356,0.6900,0.8626,0.0,0.0
1,20,0.002,29.6835,0.6644,0.8679,0.0,0.0
1,21,0.002,29.0524,0.6968,0.8697,0.0,0.0
1,22,0.002,28.8574,0.6988,0.8706,0.0,0.0
1,23,0.002,29.5841,0.6608,0.8673,0.0,0.0
1,24,0.002,28.7710,0.6747,0.8722,0.0,0.0
1,25,0.002,31.0499,0.6547,0.8653,0.0,0.0
1,26,0.002,28.7958,0.6829,0.8712,0.0,0.0
1,27,0.002,28.0271,0.6785,0.8747,0.0,0.0
1,28,0.002,30.0734,0.6838,0.8659,0.0,0.0
1,29,0.002,28.3713,0.6637,0.8734,0.0,0.0
1,30,0.002,29.2074,0.6437,0.8679,0.0,0.0
1,31,0.002,27.9592,0.6904,0.8736,0.0,0.0
1,32,0.002,28.4067,0.6641,0.8724,0.0,0.0
1,33,0.002,29.4451,0.6587,0.8649,0.0,0.0
1,34,0.002,27.5077,0.6811,0.8770,0.0,0.0
1,35,0.002,27.5493,0.6546,0.8761,0.0,0.0
1,36,0.002,29.5042,0.6658,0.8704,0.0,0.0
1,37,0.002,28.6538,0.6528,0.8732,0.0,0.0
1,38,0.002,27.6457,0.6779,0.8751,0.0,0.0
1,39,0.002,28.6794,0.6407,0.8731,0.0,0.0
1,40,0.002,27.9348,0.6663,0.8763,0.0,0.0
1,41,0.002,29.2750,0.6430,0.8695,0.0,0.0
1,42,0.002,27.3509,0.6620,0.8776,0.0,0.0
1,43,0.002,27.5904,0.6437,0.8772,0.0,0.0
1,44,0.002,27.7476,0.6368,0.8759,0.0,0.0
1,45,0.002,27.4223,0.6619,0.8772,0.0,0.0
1,46,0.002,28.9945,0.6355,0.8697,0.0,0.0
1,47,0.002,27.4903,0.6516,0.8777,0.0,0.0
1,48,0.002,27.3275,0.6722,0.8764,0.0,0.0
1,49,0.002,27.8274,0.6588,0.8759,0.0,0.0
1,50,0.002,27.3011,0.6406,0.8778,0.0,0.0
1,51,0.002,26.7983,0.6737,0.8794,0.0,0.0
1,52,0.002,27.5618,0.6566,0.8762,0.0,0.0
1,53,0.002,27.8130,0.6464,0.8744,0.0,0.0
1,54,0.002,27.8087,0.6425,0.8756,0.0,0.0
1,55,0.002,26.8341,0.6565,0.8794,0.0,0.0
1,56,0.002,27.3755,0.6456,0.8790,0.0,0.0
1,57,0.002,27.1451,0.6641,0.8778,0.0,0.0
1,58,0.002,28.1936,0.6563,0.8744,0.0,0.0
1,59,0.002,26.3403,0.6488,0.8811,0.0,0.0
1,60,0.002,27.6416,0.6524,0.8771,0.0,0.0
1,61,0.002,26.3112,0.6606,0.8818,0.0,0.0
1,62,0.002,27.2190,0.6526,0.8772,0.0,0.0
1,63,0.002,27.2033,0.6358,0.8790,0.0,0.0
1,64,0.002,26.7786,0.6317,0.8795,0.0,0.0
1,65,0.002,26.5687,0.6421,0.8809,0.0,0.0
1,66,0.002,27.1311,0.6395,0.8797,0.0,0.0
1,67,0.002,26.6679,0.6479,0.8796,0.0,0.0
1,68,0.002,26.0929,0.6606,0.8811,0.0,0.0
1,69,0.001,26.2086,0.6553,0.8823,0.0,0.0
1,70,0.001,27.3609,0.6402,0.8782,0.0,0.0
1,71,0.001,26.2444,0.6513,0.8827,0.0,0.0
1,72,0.001,26.3511,0.6412,0.8820,0.0,0.0
1,73,0.001,26.3973,0.6420,0.8818,0.0,0.0
1,74,0.001,26.7365,0.6418,0.8796,0.0,0.0
1,75,0.001,26.9077,0.6351,0.8791,0.0,0.0
1,76,0.001,26.9719,0.6431,0.8792,0.0,0.0
1,77,0.001,26.6007,0.6408,0.8809,0.0,0.0
1,78,0.001,27.1012,0.6415,0.8783,0.0,0.0
1,79,0.001,26.5575,0.6421,0.8809,0.0,0.0
1,80,0.001,26.5432,0.6330,0.8805,0.0,0.0
1,81,0.001,26.4636,0.6425,0.8808,0.0,0.0
1,82,0.001,26.6801,0.6371,0.8799,0.0,0.0
1,83,0.001,26.4186,0.6415,0.8816,0.0,0.0
1,84,0.001,27.2931,0.6387,0.8777,0.0,0.0
1,85,0.001,27.3990,0.6425,0.8773,0.0,0.0
1,86,0.001,26.4070,0.6497,0.8813,0.0,0.0
1,87,0.001,25.9086,0.6447,0.8826,0.0,0.0
1,88,0.0005,26.1581,0.6461,0.8822,0.0,0.0
1,89,0.0005,26.5081,0.6355,0.8811,0.0,0.0
1,90,0.0005,26.2512,0.6396,0.8819,0.0,0.0
1,91,0.0005,26.0682,0.6461,0.8828,0.0,0.0
1,92,0.0005,26.3263,0.6398,0.8819,0.0,0.0
1,93,0.0005,25.9847,0.6414,0.8832,0.0,0.0
1,94,0.0005,26.2443,0.6420,0.8822,0.0,0.0
1,95,0.0005,26.6699,0.6431,0.8802,0.0,0.0
1,96,0.0005,26.2809,0.6425,0.8818,0.0,0.0
1,97,0.0005,26.0776,0.6497,0.8829,0.0,0.0
1,98,0.0005,25.8842,0.6490,0.8832,0.0,0.0
1,99,0.0005,26.4048,0.6397,0.8821,0.0,0.0
1,100,0.0005,26.1112,0.6407,0.8825,0.0,0.0
2,0,0.002,29.4858,0.6889,0.8694,0.0,0.0
2,1,0.002,28.8842,0.6784,0.8722,0.0,0.0
2,2,0.002,27.7269,0.6410,0.8755,0.0,0.0
2,3,0.002,28.7808,0.6391,0.8722,0.0,0.0
2,4,0.002,27.9708,0.6908,0.8728,0.0,0.0
2,5,0.002,29.9072,0.6203,0.8659,0.0,0.0
2,6,0.002,28.5008,0.6471,0.8731,0.0,0.0
2,7,0.002,25.8153,0.6479,0.8847,0.0,0.0
2,8,0.002,25.8844,0.6395,0.8856,0.0,0.0
2,9,0.002,28.5992,0.6285,0.8688,0.0,0.0
2,10,0.002,28.4030,0.6147,0.8749,0.0,0.0
2,11,0.002,26.0936,0.6096,0.8840,0.0,0.0
2,12,0.002,25.8848,0.6269,0.8843,0.0,0.0
2,13,0.002,24.5024,0.6588,0.8900,0.0,0.0
2,14,0.002,26.5760,0.6173,0.8806,0.0,0.0
2,15,0.002,25.3968,0.6283,0.8866,0.0,0.0
2,16,0.002,26.5792,0.6168,0.8809,0.0,0.0
2,17,0.002,25.4424,0.6161,0.8872,0.0,0.0
2,18,0.002,24.8745,0.6147,0.8885,0.0,0.0
2,19,0.002,24.2515,0.6477,0.8916,0.0,0.0
2,20,0.002,25.9316,0.6140,0.8821,0.0,0.0
2,21,0.002,24.3298,0.6320,0.8915,0.0,0.0
2,22,0.002,24.4301,0.6252,0.8915,0.0,0.0
2,23,0.002,26.1192,0.6360,0.8785,0.0,0.0
2,24,0.002,26.8179,0.6223,0.8795,0.0,0.0
2,25,0.002,25.3450,0.6144,0.8873,0.0,0.0
2,26,0.002,23.4626,0.6145,0.8941,0.0,0.0
2,27,0.002,24.1556,0.6128,0.8907,0.0,0.0
2,28,0.002,24.7215,0.6272,0.8881,0.0,0.0
2,29,0.002,25.6670,0.6161,0.8848,0.0,0.0
2,30,0.002,23.6865,0.6227,0.8927,0.0,0.0
2,31,0.002,24.0892,0.6218,0.8926,0.0,0.0
2,32,0.002,23.8607,0.6078,0.8936,0.0,0.0
2,33,0.002,24.4640,0.6262,0.8893,0.0,0.0
2,34,0.002,25.8607,0.6210,0.8830,0.0,0.0
2,35,0.002,25.7508,0.6198,0.8821,0.0,0.0
2,36,0.002,24.2125,0.6076,0.8918,0.0,0.0
2,37,0.002,23.5384,0.6161,0.8953,0.0,0.0
2,38,0.002,24.5799,0.6268,0.8905,0.0,0.0
2,39,0.002,24.9537,0.6094,0.8883,0.0,0.0
2,40,0.002,24.6673,0.6304,0.8880,0.0,0.0
2,41,0.002,25.4046,0.6070,0.8857,0.0,0.0
2,42,0.002,24.7410,0.6029,0.8896,0.0,0.0
2,43,0.002,23.6554,0.6420,0.8923,0.0,0.0
2,44,0.002,24.8060,0.6080,0.8882,0.0,0.0
2,45,0.002,24.7527,0.6225,0.8879,0.0,0.0
2,46,0.002,24.9578,0.6189,0.8876,0.0,0.0
2,47,0.002,25.0382,0.6010,0.8876,0.0,0.0
2,48,0.002,23.1447,0.6241,0.8956,0.0,0.0
2,49,0.002,24.2698,0.6147,0.8918,0.0,0.0
2,50,0.002,24.4191,0.6152,0.8908,0.0,0.0
2,51,0.002,25.0141,0.6136,0.8880,0.0,0.0
2,52,0.002,24.1389,0.6114,0.8916,0.0,0.0
2,53,0.002,23.6423,0.6091,0.8918,0.0,0.0
2,54,0.002,25.0769,0.6203,0.8869,0.0,0.0
2,55,0.002,24.5421,0.6120,0.8898,0.0,0.0
2,56,0.002,23.5378,0.6176,0.8919,0.0,0.0
2,57,0.002,23.9057,0.6149,0.8932,0.0,0.0
2,58,0.002,22.9758,0.6132,0.8952,0.0,0.0
2,59,0.002,24.6248,0.6040,0.8890,0.0,0.0
2,60,0.002,23.5519,0.6103,0.8934,0.0,0.0
2,61,0.002,22.2939,0.6251,0.8988,0.0,0.0
2,62,0.002,24.7190,0.6035,0.8898,0.0,0.0
2,63,0.002,24.5625,0.6196,0.8899,0.0,0.0
2,64,0.002,24.9108,0.6054,0.8880,0.0,0.0
2,65,0.002,24.4028,0.6279,0.8900,0.0,0.0
2,66,0.002,23.8177,0.6177,0.8925,0.0,0.0
2,67,0.002,23.7003,0.6230,0.8921,0.0,0.0
2,68,0.002,24.4584,0.6167,0.8903,0.0,0.0
2,69,0.002,24.5333,0.6172,0.8907,0.0,0.0
2,70,0.002,23.5544,0.6193,0.8939,0.0,0.0
2,71,0.002,24.8437,0.6157,0.8882,0.0,0.0
2,72,0.002,23.6539,0.6080,0.8931,0.0,0.0
2,73,0.002,25.3181,0.6088,0.8861,0.0,0.0
2,74,0.002,25.8010,0.6207,0.8796,0.0,0.0
2,75,0.002,24.6544,0.6201,0.8886,0.0,0.0
2,76,0.002,25.3813,0.6111,0.8849,0.0,0.0
2,77,0.002,23.9663,0.6115,0.8923,0.0,0.0
2,78,0.002,26.5440,0.6190,0.8788,0.0,0.0
2,79,0.002,25.4554,0.6222,0.8869,0.0,0.0
2,80,0.001,22.6178,0.6160,0.8971,0.0,0.0
2,81,0.001,22.7216,0.6131,0.8974,0.0,0.0
2,82,0.001,24.8502,0.6179,0.8871,0.0,0.0
2,83,0.001,24.6046,0.6084,0.8890,0.0,0.0
2,84,0.001,23.0658,0.6216,0.8958,0.0,0.0
2,85,0.001,24.1197,0.6123,0.8918,0.0,0.0
2,86,0.001,23.8276,0.6170,0.8915,0.0,0.0
2,87,0.001,23.8189,0.6167,0.8922,0.0,0.0
2,88,0.001,24.5357,0.6122,0.8889,0.0,0.0
2,89,0.001,24.4459,0.6105,0.8894,0.0,0.0
2,90,0.001,23.5353,0.6148,0.8929,0.0,0.0
2,91,0.001,22.6507,0.6134,0.8980,0.0,0.0
2,92,0.001,23.9416,0.6138,0.8911,0.0,0.0
2,93,0.001,24.4921,0.6086,0.8894,0.0,0.0
2,94,0.001,24.5785,0.6114,0.8888,0.0,0.0
2,95,0.0005,23.0106,0.6143,0.8965,0.0,0.0
2,96,0.0005,24.4046,0.6108,0.8900,0.0,0.0
2,97,0.0005,23.7167,0.6103,0.8926,0.0,0.0
2,98,0.0005,23.8957,0.6088,0.8919,0.0,0.0
2,99,0.0005,23.4311,0.6084,0.8941,0.0,0.0
2,100,0.0005,23.5515,0.6091,0.8934,0.0,0.0
2,101,0.0005,23.6642,0.6106,0.8931,0.0,0.0
2,102,0.0005,24.0318,0.6080,0.8910,0.0,0.0
2,103,0.0005,23.3214,0.6102,0.8948,0.0,0.0
2,104,0.0005,24.2275,0.6090,0.8903,0.0,0.0
2,105,0.0005,24.0766,0.6107,0.8918,0.0,0.0
2,106,0.0005,23.5020,0.6118,0.8935,0.0,0.0
2,107,0.0005,23.7854,0.6105,0.8923,0.0,0.0
2,108,0.0005,23.9849,0.6085,0.8912,0.0,0.0
2,109,0.00025,23.7052,0.6091,0.8925,0.0,0.0
2,110,0.00025,23.6799,0.6108,0.8928,0.0,0.0
2,111,0.00025,23.9928,0.6105,0.8915,0.0,0.0
2,112,0.00025,23.5955,0.6115,0.8930,0.0,0.0
2,113,0.00025,23.7058,0.6097,0.8927,0.0,0.0
2,114,0.00025,23.6999,0.6103,0.8928,0.0,0.0
2,115,0.00025,23.8699,0.6103,0.8922,0.0,0.0
2,116,0.00025,23.6701,0.6086,0.8932,0.0,0.0
2,117,0.00025,23.9154,0.6073,0.8916,0.0,0.0
2,118,0.00025,23.5830,0.6101,0.8930,0.0,0.0
2,119,0.00025,23.8770,0.6099,0.8919,0.0,0.0
2,120,0.00025,23.4268,0.6115,0.8940,0.0,0.0
2,121,0.00025,23.8372,0.6115,0.8917,0.0,0.0
2,122,0.00025,23.6620,0.6100,0.8931,0.0,0.0
2,123,0.00025,23.6175,0.6106,0.8930,0.0,0.0
2,124,0.00025,23.8685,0.6095,0.8919,0.0,0.0
2,125,0.00025,23.7301,0.6080,0.8924,0.0,0.0
2,126,0.00025,23.6156,0.6089,0.8928,0.0,0.0
2,127,0.000125,23.9305,0.6079,0.8918,0.0,0.0
2,128,0.000125,23.5486,0.6087,0.8937,0.0,0.0
2,129,0.000125,22.9942,0.6100,0.8961,0.0,0.0
2,130,0.000125,24.0019,0.6085,0.8914,0.0,0.0
2,131,0.000125,23.6638,0.6093,0.8928,0.0,0.0
2,132,0.000125,23.2618,0.6093,0.8948,0.0,0.0
2,133,0.000125,23.6713,0.6089,0.8929,0.0,0.0
2,134,0.000125,23.5510,0.6092,0.8932,0.0,0.0
2,135,0.000125,23.2596,0.6102,0.8948,0.0,0.0
2,136,0.000125,23.5592,0.6091,0.8935,0.0,0.0
2,137,0.000125,23.7702,0.6088,0.8922,0.0,0.0
2,138,0.000125,23.5622,0.6094,0.8931,0.0,0.0
2,139,0.0001,23.6577,0.6095,0.8929,0.0,0.0
2,140,0.0001,23.5066,0.6105,0.8937,0.0,0.0
2,141,0.0001,23.4900,0.6111,0.8938,0.0,0.0
2,142,0.0001,23.4812,0.6109,0.8937,0.0,0.0
2,143,0.0001,23.5418,0.6101,0.8935,0.0,0.0
2,144,0.0001,23.6046,0.6096,0.8932,0.0,0.0
2,145,0.0001,23.4303,0.6100,0.8938,0.0,0.0
2,146,0.0001,23.6919,0.6089,0.8927,0.0,0.0
2,147,0.0001,23.6043,0.6087,0.8930,0.0,0.0
2,148,0.0001,23.5005,0.6074,0.8937,0.0,0.0
2,149,0.0001,23.5795,0.6066,0.8934,0.0,0.0
2,150,0.0001,23.6928,0.6060,0.8927,0.0,0.0
2,151,0.0001,23.2335,0.6066,0.8949,0.0,0.0
2,152,0.0001,23.3272,0.6059,0.8944,0.0,0.0
2,153,0.0001,23.7706,0.6051,0.8924,0.0,0.0
2,154,0.0001,23.7616,0.6050,0.8926,0.0,0.0
2,155,0.0001,23.4668,0.6055,0.8939,0.0,0.0
2,156,0.0001,23.3840,0.6057,0.8943,0.0,0.0
2,157,0.0001,23.6094,0.6058,0.8934,0.0,0.0
2,158,0.0001,23.6756,0.6060,0.8929,0.0,0.0
2,159,0.0001,23.6361,0.6059,0.8930,0.0,0.0
2,160,0.0001,23.3339,0.6063,0.8945,0.0,0.0
2,161,0.0001,23.7070,0.6049,0.8928,0.0,0.0
2,162,0.0001,23.7744,0.6046,0.8925,0.0,0.0
2,163,0.0001,23.6777,0.6049,0.8929,0.0,0.0
2,164,0.0001,23.7321,0.6054,0.8926,0.0,0.0
2,165,0.0001,23.5782,0.6047,0.8935,0.0,0.0
2,166,0.0001,23.7220,0.6037,0.8928,0.0,0.0
2,167,0.0001,23.3950,0.6036,0.8942,0.0,0.0
2,168,0.0001,23.6228,0.6028,0.8933,0.0,0.0
2,169,0.0001,23.6494,0.6032,0.8932,0.0,0.0
2,170,0.0001,23.4231,0.6045,0.8940,0.0,0.0
2,171,0.0001,23.6096,0.6043,0.8931,0.0,0.0
2,172,0.0001,23.6831,0.6048,0.8929,0.0,0.0
2,173,0.0001,23.8651,0.6048,0.8920,0.0,0.0
2,174,0.0001,23.7291,0.6049,0.8924,0.0,0.0
2,175,0.0001,23.6369,0.6050,0.8929,0.0,0.0
2,176,0.0001,23.5747,0.6051,0.8934,0.0,0.0
2,177,0.0001,23.8888,0.6048,0.8921,0.0,0.0
2,178,0.0001,23.7934,0.6048,0.8924,0.0,0.0
2,179,0.0001,23.4887,0.6053,0.8939,0.0,0.0
2,180,0.0001,23.4915,0.6055,0.8940,0.0,0.0
2,181,0.0001,23.5769,0.6061,0.8933,0.0,0.0
2,182,0.0001,23.7773,0.6056,0.8923,0.0,0.0
2,183,0.0001,23.6861,0.6052,0.8929,0.0,0.0
3,0,0.002,28.8135,0.7468,0.8800,0.0,0.0
3,1,0.002,25.5528,0.7416,0.8955,0.0,0.0
3,2,0.002,23.4638,0.7344,0.9035,0.0,0.0
3,3,0.002,22.3687,0.7602,0.9073,0.0,0.0
3,4,0.002,23.1653,0.7307,0.9050,0.0,0.0
3,5,0.002,24.7803,0.7256,0.8994,0.0,0.0
3,6,0.002,23.8983,0.7199,0.9005,0.0,0.0
3,7,0.002,22.4476,0.7183,0.9092,0.0,0.0
3,8,0.002,22.2402,0.7057,0.9074,0.0,0.0
3,9,0.002,22.6496,0.7217,0.9056,0.0,0.0
3,10,0.002,21.3105,0.7188,0.9138,0.0,0.0
3,11,0.002,21.2861,0.7215,0.9122,0.0,0.0
3,12,0.002,21.6903,0.7150,0.9111,0.0,0.0
3,13,0.002,20.6449,0.7259,0.9148,0.0,0.0
3,14,0.002,21.5184,0.7005,0.9132,0.0,0.0
3,15,0.002,20.2526,0.7051,0.9156,0.0,0.0
3,16,0.002,20.3629,0.7098,0.9177,0.0,0.0
3,17,0.002,20.5747,0.7154,0.9145,0.0,0.0
3,18,0.002,19.4809,0.7101,0.9203,0.0,0.0
3,19,0.002,19.1425,0.7211,0.9215,0.0,0.0
3,20,0.002,19.8159,0.7441,0.9173,0.0,0.0
3,21,0.002,20.5273,0.6960,0.9172,0.0,0.0
3,22,0.002,19.9486,0.7058,0.9169,0.0,0.0
3,23,0.002,20.8789,0.7038,0.9138,0.0,0.0
3,24,0.002,21.4796,0.7069,0.9105,0.0,0.0
3,25,0.002,20.7270,0.7041,0.9158,0.0,0.0
3,26,0.002,19.4044,0.7095,0.9205,0.0,0.0
3,27,0.002,18.8745,0.7053,0.9232,0.0,0.0
3,28,0.002,19.0952,0.7133,0.9214,0.0,0.0
3,29,0.002,18.5296,0.7140,0.9236,0.0,0.0
3,30,0.002,18.6778,0.7105,0.9242,0.0,0.0
3,31,0.002,19.4962,0.7059,0.9202,0.0,0.0
3,32,0.002,20.1855,0.7066,0.9174,0.0,0.0
3,33,0.002,20.6369,0.7144,0.9149,0.0,0.0
3,34,0.002,18.5245,0.7099,0.9240,0.0,0.0
3,35,0.002,18.3742,0.7112,0.9245,0.0,0.0
3,36,0.002,18.4988,0.7016,0.9246,0.0,0.0
3,37,0.002,20.3010,0.6994,0.9163,0.0,0.0
3,38,0.002,21.2094,0.6927,0.9122,0.0,0.0
3,39,0.002,18.8835,0.7063,0.9224,0.0,0.0
3,40,0.002,18.7055,0.7000,0.9240,0.0,0.0
3,41,0.002,20.7512,0.6927,0.9137,0.0,0.0
3,42,0.002,19.7829,0.7033,0.9199,0.0,0.0
3,43,0.002,19.4308,0.6921,0.9202,0.0,0.0
3,44,0.002,18.5338,0.6919,0.9242,0.0,0.0
3,45,0.002,18.3919,0.6888,0.9249,0.0,0.0
3,46,0.002,18.4509,0.7032,0.9239,0.0,0.0
3,47,0.002,19.5381,0.6943,0.9192,0.0,0.0
3,48,0.002,20.2934,0.6990,0.9168,0.0,0.0
3,49,0.002,18.8017,0.7012,0.9235,0.0,0.0
3,50,0.002,17.9777,0.7099,0.9262,0.0,0.0
3,51,0.002,17.4887,0.7130,0.9282,0.0,0.0
3,52,0.002,17.6782,0.7161,0.9267,0.0,0.0
3,53,0.002,18.1579,0.7138,0.9248,0.0,0.0
3,54,0.002,18.3854,0.6988,0.9240,0.0,0.0
3,55,0.002,17.9353,0.7050,0.9262,0.0,0.0
3,56,0.002,18.2955,0.7061,0.9242,0.0,0.0
3,57,0.002,19.0958,0.6988,0.9205,0.0,0.0
3,58,0.002,18.9728,0.7005,0.9208,0.0,0.0
3,59,0.002,18.3081,0.6928,0.9252,0.0,0.0
3,60,0.002,17.7052,0.7043,0.9275,0.0,0.0
3,61,0.002,18.2693,0.6998,0.9252,0.0,0.0
3,62,0.002,19.1399,0.6924,0.9210,0.0,0.0
3,63,0.002,19.6353,0.6810,0.9188,0.0,0.0
3,64,0.002,18.5140,0.6944,0.9233,0.0,0.0
3,65,0.002,17.5003,0.6991,0.9283,0.0,0.0
3,66,0.002,18.4359,0.7003,0.9242,0.0,0.0
3,67,0.002,20.4677,0.6984,0.9157,0.0,0.0
3,68,0.002,18.3738,0.6923,0.9245,0.0,0.0
3,69,0.002,18.2049,0.6991,0.9258,0.0,0.0
3,70,0.002,18.6493,0.7008,0.9234,0.0,0.0
3,71,0.001,18.6771,0.6964,0.9238,0.0,0.0
3,72,0.001,17.7051,0.7030,0.9276,0.0,0.0
3,73,0.001,18.5659,0.6989,0.9228,0.0,0.0
3,74,0.001,17.6799,0.7011,0.9265,0.0,0.0
3,75,0.001,18.8969,0.6953,0.9223,0.0,0.0
3,76,0.001,17.9198,0.6945,0.9263,0.0,0.0
3,77,0.001,18.2589,0.6969,0.9248,0.0,0.0
3,78,0.001,18.8270,0.6923,0.9222,0.0,0.0
3,79,0.001,17.2107,0.6919,0.9292,0.0,0.0
3,80,0.001,18.9887,0.6946,0.9201,0.0,0.0
3,81,0.001,17.5218,0.6938,0.9279,0.0,0.0
3,82,0.001,18.5951,0.6911,0.9235,0.0,0.0
3,83,0.001,18.0035,0.6880,0.9262,0.0,0.0
3,84,0.001,18.3189,0.6869,0.9249,0.0,0.0
3,85,0.001,17.9295,0.6924,0.9258,0.0,0.0
3,86,0.001,17.6875,0.6873,0.9272,0.0,0.0
3,87,0.001,18.1914,0.6905,0.9246,0.0,0.0
3,88,0.001,17.6773,0.6892,0.9279,0.0,0.0
3,89,0.001,18.3329,0.6914,0.9245,0.0,0.0
3,90,0.001,18.7393,0.6911,0.9223,0.0,0.0
3,91,0.001,17.6526,0.6916,0.9269,0.0,0.0
3,92,0.001,17.6894,0.6925,0.9269,0.0,0.0
3,93,0.001,18.2805,0.6861,0.9247,0.0,0.0
3,94,0.001,17.7960,0.6863,0.9268,0.0,0.0
3,95,0.001,18.8847,0.6871,0.9222,0.0,0.0
3,96,0.001,18.2704,0.6849,0.9240,0.0,0.0
3,97,0.0005,17.7484,0.6848,0.9270,0.0,0.0
3,98,0.0005,18.1984,0.6842,0.9249,0.0,0.0
3,99,0.0005,18.3934,0.6865,0.9236,0.0,0.0
3,100,0.0005,17.9668,0.6856,0.9262,0.0,0.0
3,101,0.0005,17.9870,0.6867,0.9259,0.0,0.0
3,102,0.0005,17.6506,0.6858,0.9271,0.0,0.0
3,103,0.0005,17.9559,0.6839,0.9260,0.0,0.0
3,104,0.0005,18.0875,0.6865,0.9254,0.0,0.0
3,105,0.0005,17.5622,0.6864,0.9275,0.0,0.0
3,106,0.0005,18.2280,0.6865,0.9255,0.0,0.0
3,107,0.0005,17.9276,0.6905,0.9260,0.0,0.0
3,108,0.0005,18.1565,0.6879,0.9257,0.0,0.0
3,109,0.00025,17.7332,0.6868,0.9276,0.0,0.0
3,110,0.00025,17.9249,0.6865,0.9264,0.0,0.0
3,111,0.00025,17.6617,0.6877,0.9272,0.0,0.0
3,112,0.00025,18.0836,0.6853,0.9254,0.0,0.0
3,113,0.00025,17.8577,0.6850,0.9263,0.0,0.0
3,114,0.00025,18.0744,0.6842,0.9254,0.0,0.0
3,115,0.00025,17.6739,0.6849,0.9272,0.0,0.0
3,116,0.00025,17.8452,0.6850,0.9264,0.0,0.0
3,117,0.00025,18.0181,0.6849,0.9256,0.0,0.0
3,118,0.00025,17.9690,0.6848,0.9259,0.0,0.0
3,119,0.00025,17.8686,0.6852,0.9264,0.0,0.0
3,120,0.00025,17.8874,0.6840,0.9265,0.0,0.0
3,121,0.00025,17.9594,0.6823,0.9257,0.0,0.0
3,122,0.00025,17.8358,0.6806,0.9263,0.0,0.0
3,123,0.000125,17.9215,0.6800,0.9261,0.0,0.0
3,124,0.000125,18.0161,0.6803,0.9257,0.0,0.0
3,125,0.000125,18.0020,0.6803,0.9257,0.0,0.0
3,126,0.000125,18.0450,0.6806,0.9255,0.0,0.0
3,127,0.000125,17.8011,0.6820,0.9266,0.0,0.0
3,128,0.000125,18.0712,0.6816,0.9255,0.0,0.0
3,129,0.000125,18.3191,0.6805,0.9246,0.0,0.0
3,130,0.000125,17.9859,0.6811,0.9260,0.0,0.0
3,131,0.000125,17.7498,0.6813,0.9270,0.0,0.0
3,132,0.000125,17.9149,0.6820,0.9262,0.0,0.0
3,133,0.000125,18.0378,0.6825,0.9256,0.0,0.0
3,134,0.000125,18.0677,0.6826,0.9253,0.0,0.0
3,135,0.0001,17.9682,0.6821,0.9259,0.0,0.0
3,136,0.0001,17.8976,0.6810,0.9264,0.0,0.0
3,137,0.0001,17.8924,0.6803,0.9263,0.0,0.0
3,138,0.0001,18.0523,0.6795,0.9256,0.0,0.0
3,139,0.0001,18.0452,0.6799,0.9257,0.0,0.0
3,140,0.0001,17.9886,0.6804,0.9260,0.0,0.0
3,141,0.0001,17.8523,0.6814,0.9265,0.0,0.0
3,142,0.0001,17.9315,0.6813,0.9261,0.0,0.0
3,143,0.0001,17.9494,0.6809,0.9260,0.0,0.0
3,144,0.0001,17.9099,0.6803,0.9263,0.0,0.0
3,145,0.0001,17.7952,0.6802,0.9268,0.0,0.0
3,146,0.0001,17.8689,0.6802,0.9266,0.0,0.0
3,147,0.0001,17.9559,0.6800,0.9261,0.0,0.0
3,148,0.0001,17.9359,0.6797,0.9261,0.0,0.0
3,149,0.0001,18.0674,0.6797,0.9254,0.0,0.0
3,150,0.0001,17.9620,0.6798,0.9259,0.0,0.0
3,151,0.0001,17.9452,0.6801,0.9259,0.0,0.0
3,152,0.0001,17.9261,0.6805,0.9261,0.0,0.0
3,153,0.0001,17.9301,0.6809,0.9262,0.0,0.0
3,154,0.0001,17.8982,0.6810,0.9261,0.0,0.0
3,155,0.0001,17.9472,0.6799,0.9259,0.0,0.0
3,156,0.0001,18.1584,0.6792,0.9250,0.0,0.0
3,157,0.0001,17.9426,0.6796,0.9259,0.0,0.0
3,158,0.0001,17.7911,0.6798,0.9268,0.0,0.0
3,159,0.0001,18.0059,0.6789,0.9259,0.0,0.0
3,160,0.0001,18.0594,0.6791,0.9256,0.0,0.0
3,161,0.0001,17.7298,0.6802,0.9269,0.0,0.0
3,162,0.0001,17.9059,0.6795,0.9261,0.0,0.0
3,163,0.0001,18.1696,0.6790,0.9248,0.0,0.0
3,164,0.0001,18.1487,0.6786,0.9251,0.0,0.0
3,165,0.0001,17.9821,0.6782,0.9259,0.0,0.0
3,166,0.0001,17.9035,0.6781,0.9263,0.0,0.0
3,167,0.0001,18.0928,0.6782,0.9253,0.0,0.0
3,168,0.0001,17.9410,0.6785,0.9259,0.0,0.0
3,169,0.0001,17.9209,0.6786,0.9262,0.0,0.0
3,170,0.0001,17.8980,0.6793,0.9263,0.0,0.0
3,171,0.0001,17.6940,0.6802,0.9272,0.0,0.0
3,172,0.0001,17.7286,0.6797,0.9270,0.0,0.0
3,173,0.0001,17.9049,0.6785,0.9262,0.0,0.0
3,174,0.0001,17.7686,0.6776,0.9267,0.0,0.0
3,175,0.0001,17.9020,0.6769,0.9264,0.0,0.0
3,176,0.0001,17.8281,0.6769,0.9268,0.0,0.0
3,177,0.0001,17.8678,0.6762,0.9264,0.0,0.0
3,178,0.0001,17.9129,0.6763,0.9260,0.0,0.0
3,179,0.0001,17.8706,0.6767,0.9261,0.0,0.0
3,180,0.0001,17.8169,0.6770,0.9266,0.0,0.0
3,181,0.0001,17.9361,0.6771,0.9262,0.0,0.0
3,182,0.0001,17.9019,0.6771,0.9264,0.0,0.0
3,183,0.0001,17.6676,0.6773,0.9274,0.0,0.0
3,184,0.0001,17.7780,0.6769,0.9270,0.0,0.0
3,185,0.0001,18.0598,0.6764,0.9258,0.0,0.0
3,186,0.0001,18.0552,0.6764,0.9257,0.0,0.0
3,187,0.0001,17.9700,0.6770,0.9260,0.0,0.0
3,188,0.0001,17.9212,0.6766,0.9262,0.0,0.0
3,189,0.0001,17.8483,0.6761,0.9265,0.0,0.0
3,190,0.0001,17.7655,0.6759,0.9269,0.0,0.0
3,191,0.0001,17.7963,0.6755,0.9269,0.0,0.0
3,192,0.0001,17.9535,0.6749,0.9261,0.0,0.0
3,193,0.0001,17.9859,0.6745,0.9259,0.0,0.0
3,194,0.0001,17.9681,0.6748,0.9259,0.0,0.0
3,195,0.0001,17.9404,0.6752,0.9260,0.0,0.0
3,196,0.0001,17.7416,0.6759,0.9270,0.0,0.0
3,197,0.0001,17.9318,0.6751,0.9262,0.0,0.0
3,198,0.0001,18.1834,0.6745,0.9251,0.0,0.0
3,199,0.0001,18.0878,0.6750,0.9256,0.0,0.0
4,0,0.002,36.0844,0.8021,0.8440,0.0,0.0
4,1,0.002,32.9580,0.8072,0.8579,0.0,0.0
4,2,0.002,32.7047,0.7867,0.8593,0.0,0.0
4,3,0.002,29.4785,0.8061,0.8736,0.0,0.0
4,4,0.002,29.2702,0.7792,0.8763,0.0,0.0
4,5,0.002,29.6117,0.8061,0.8748,0.0,0.0
4,6,0.002,29.3264,0.7563,0.8768,0.0,0.0
4,7,0.002,29.2037,0.7783,0.8755,0.0,0.0
4,8,0.002,30.4047,0.7877,0.8710,0.0,0.0
4,9,0.002,28.4224,0.7614,0.8817,0.0,0.0
4,10,0.002,28.2043,0.7625,0.8821,0.0,0.0
4,11,0.002,29.8971,0.7514,0.8719,0.0,0.0
4,12,0.002,25.6926,0.8041,0.8926,0.0,0.0
4,13,0.002,29.4108,0.7612,0.8753,0.0,0.0
4,14,0.002,27.1825,0.7486,0.8865,0.0,0.0
4,15,0.002,24.8944,0.8137,0.8949,0.0,0.0
4,16,0.002,29.7630,0.7360,0.8713,0.0,0.0
4,17,0.002,27.8552,0.7315,0.8839,0.0,0.0
4,18,0.002,27.1628,0.7423,0.8875,0.0,0.0
4,19,0.002,27.6521,0.7248,0.8841,0.0,0.0
4,20,0.002,26.2550,0.7491,0.8882,0.0,0.0
4,21,0.002,25.4342,0.7601,0.8935,0.0,0.0
4,22,0.002,28.8771,0.7247,0.8791,0.0,0.0
4,23,0.002,26.3070,0.7247,0.8919,0.0,0.0
4,24,0.002,26.4598,0.7347,0.8880,0.0,0.0
4,25,0.002,27.3297,0.7322,0.8866,0.0,0.0
4,26,0.002,25.4306,0.7670,0.8927,0.0,0.0
4,27,0.002,26.0507,0.7450,0.8903,0.0,0.0
4,28,0.002,25.7837,0.7375,0.8931,0.0,0.0
4,29,0.002,26.2308,0.7253,0.8910,0.0,0.0
4,30,0.002,28.0077,0.7454,0.8827,0.0,0.0
4,31,0.002,26.3004,0.7478,0.8904,0.0,0.0
4,32,0.002,26.9704,0.7345,0.8878,0.0,0.0
4,33,0.002,27.1981,0.7333,0.8865,0.0,0.0
4,34,0.002,26.6736,0.7271,0.8896,0.0,0.0
4,35,0.002,26.3232,0.7430,0.8889,0.0,0.0
4,36,0.001,26.2655,0.7140,0.8911,0.0,0.0
4,37,0.001,27.2116,0.7145,0.8857,0.0,0.0
4,38,0.001,26.0697,0.7273,0.8917,0.0,0.0
4,39,0.001,26.3644,0.7187,0.8908,0.0,0.0
4,40,0.001,26.3110,0.7200,0.8900,0.0,0.0
4,41,0.001,25.6489,0.7115,0.8942,0.0,0.0
4,42,0.001,26.6324,0.7093,0.8899,0.0,0.0
4,43,0.001,25.9432,0.7098,0.8915,0.0,0.0
4,44,0.001,26.1408,0.7018,0.8923,0.0,0.0
4,45,0.001,25.5567,0.7187,0.8935,0.0,0.0
4,46,0.001,26.1932,0.7197,0.8909,0.0,0.0
4,47,0.001,26.1980,0.7094,0.8903,0.0,0.0
4,48,0.001,25.4517,0.7177,0.8931,0.0,0.0
4,49,0.001,26.3657,0.7093,0.8914,0.0,0.0
4,50,0.001,25.6199,0.7085,0.8924,0.0,0.0
4,51,0.001,25.5934,0.7081,0.8934,0.0,0.0
4,52,0.0005,26.1700,0.7064,0.8913,0.0,0.0
4,53,0.0005,25.7315,0.7059,0.8935,0.0,0.0
4,54,0.0005,25.5664,0.7049,0.8944,0.0,0.0
4,55,0.0005,26.1636,0.7021,0.8918,0.0,0.0
4,56,0.0005,25.7227,0.7032,0.8937,0.0,0.0
4,57,0.0005,25.8187,0.6997,0.8925,0.0,0.0
4,58,0.0005,26.1262,0.6969,0.8909,0.0,0.0
4,59,0.0005,25.7548,0.7016,0.8930,0.0,0.0
4,60,0.0005,25.9391,0.7056,0.8926,0.0,0.0
4,61,0.0005,26.0834,0.7056,0.8916,0.0,0.0
4,62,0.0005,25.4971,0.7070,0.8939,0.0,0.0
4,63,0.0005,25.7634,0.7042,0.8929,0.0,0.0
4,64,0.0005,25.4336,0.7026,0.8952,0.0,0.0
4,65,0.0005,25.9018,0.7034,0.8928,0.0,0.0
4,66,0.00025,25.9319,0.7038,0.8925,0.0,0.0
4,67,0.00025,25.4453,0.7021,0.8952,0.0,0.0
4,68,0.00025,25.5365,0.6998,0.8948,0.0,0.0
4,69,0.00025,25.9991,0.6985,0.8924,0.0,0.0
4,70,0.00025,25.6324,0.7004,0.8941,0.0,0.0
4,71,0.00025,25.5953,0.7001,0.8943,0.0,0.0
4,72,0.00025,25.5310,0.7011,0.8944,0.0,0.0
4,73,0.00025,25.5176,0.7028,0.8941,0.0,0.0
4,74,0.00025,26.2433,0.6998,0.8910,0.0,0.0
4,75,0.00025,25.8776,0.7009,0.8927,0.0,0.0
4,76,0.00025,25.4516,0.7041,0.8944,0.0,0.0
4,77,0.00025,25.8103,0.7011,0.8933,0.0,0.0
4,78,0.00025,25.8401,0.6999,0.8934,0.0,0.0
4,79,0.00025,25.6061,0.7004,0.8942,0.0,0.0
4,80,0.00025,25.6921,0.6994,0.8938,0.0,0.0
4,81,0.000125,25.5339,0.7001,0.8945,0.0,0.0
4,82,0.000125,25.6798,0.6995,0.8938,0.0,0.0
4,83,0.000125,25.7299,0.6999,0.8935,0.0,0.0
4,84,0.000125,25.5369,0.7015,0.8943,0.0,0.0
4,85,0.000125,25.5217,0.7012,0.8945,0.0,0.0
4,86,0.000125,25.6298,0.6999,0.8940,0.0,0.0
4,87,0.000125,25.7681,0.6980,0.8935,0.0,0.0
4,88,0.000125,25.8819,0.6973,0.8930,0.0,0.0
4,89,0.000125,25.8068,0.6983,0.8932,0.0,0.0
4,90,0.000125,25.6797,0.6985,0.8938,0.0,0.0
4,91,0.000125,25.7425,0.6979,0.8937,0.0,0.0
4,92,0.000125,25.6497,0.6979,0.8941,0.0,0.0
4,93,0.0001,25.5725,0.6983,0.8943,0.0,0.0
4,94,0.0001,25.7717,0.6975,0.8932,0.0,0.0
4,95,0.0001,25.8573,0.6973,0.8929,0.0,0.0
4,96,0.0001,25.8178,0.6982,0.8931,0.0,0.0
4,97,0.0001,25.5238,0.6996,0.8943,0.0,0.0
4,98,0.0001,25.4911,0.6983,0.8947,0.0,0.0
4,99,0.0001,25.7112,0.6954,0.8939,0.0,0.0
4,100,0.0001,25.7382,0.6946,0.8937,0.0,0.0
5,0,0.002,38.0380,0.6952,0.8500,0.0,0.0
5,1,0.002,36.4677,0.6592,0.8551,0.0,0.0
5,2,0.002,34.7467,0.6671,0.8614,0.0,0.0
5,3,0.002,32.9599,0.6990,0.8678,0.0,0.0
5,4,0.002,32.6650,0.6618,0.8668,0.0,0.0
5,5,0.002,32.6466,0.6724,0.8681,0.0,0.0
5,6,0.002,30.2242,0.6887,0.8770,0.0,0.0
5,7,0.002,31.6132,0.6541,0.8715,0.0,0.0
5,8,0.002,34.4961,0.6408,0.8620,0.0,0.0
5,9,0.002,30.6643,0.6552,0.8762,0.0,0.0
5,10,0.002,31.5085,0.6492,0.8717,0.0,0.0
5,11,0.002,30.5077,0.6355,0.8774,0.0,0.0
5,12,0.002,30.3443,0.6628,0.8760,0.0,0.0
5,13,0.002,30.9944,0.6519,0.8749,0.0,0.0
5,14,0.002,29.6788,0.6448,0.8800,0.0,0.0
5,15,0.002,30.4054,0.6464,0.8767,0.0,0.0
5,16,0.002,31.0561,0.6631,0.8738,0.0,0.0
5,17,0.002,29.1924,0.6523,0.8809,0.0,0.0
5,18,0.002,35.0425,0.6432,0.8586,0.0,0.0
5,19,0.002,27.7873,0.6797,0.8849,0.0,0.0
5,20,0.002,34.3120,0.6403,0.8582,0.0,0.0
5,21,0.002,28.4590,0.6471,0.8857,0.0,0.0
5,22,0.002,29.6130,0.6374,0.8799,0.0,0.0
5,23,0.002,31.1428,0.6640,0.8737,0.0,0.0
5,24,0.002,29.4758,0.6570,0.8799,0.0,0.0
5,25,0.002,29.6242,0.6462,0.8789,0.0,0.0
5,26,0.002,29.3387,0.6355,0.8802,0.0,0.0
5,27,0.002,28.7580,0.6349,0.8822,0.0,0.0
5,28,0.002,29.7416,0.6394,0.8784,0.0,0.0
5,29,0.002,30.3526,0.6209,0.8785,0.0,0.0
5,30,0.002,30.7103,0.6377,0.8749,0.0,0.0
5,31,0.002,30.5828,0.6450,0.8769,0.0,0.0
5,32,0.002,29.1886,0.6530,0.8803,0.0,0.0
5,33,0.002,30.0737,0.6570,0.8777,0.0,0.0
5,34,0.002,30.3124,0.6510,0.8764,0.0,0.0
5,35,0.002,29.6974,0.6420,0.8781,0.0,0.0
5,36,0.002,30.3679,0.6291,0.8777,0.0,0.0
5,37,0.002,30.0285,0.6250,0.8779,0.0,0.0
5,38,0.002,29.4172,0.6374,0.8786,0.0,0.0
5,39,0.002,31.7529,0.6345,0.8714,0.0,0.0
5,40,0.002,29.5637,0.6289,0.8797,0.0,0.0
5,41,0.002,28.5975,0.6506,0.8836,0.0,0.0
5,42,0.002,30.0875,0.6447,0.8772,0.0,0.0
5,43,0.002,28.5802,0.6306,0.8837,0.0,0.0
5,44,0.002,29.7686,0.6208,0.8778,0.0,0.0
5,45,0.002,29.4175,0.6367,0.8794,0.0,0.0
5,46,0.002,28.5518,0.6300,0.8824,0.0,0.0
5,47,0.002,28.4442,0.6286,0.8837,0.0,0.0
5,48,0.002,29.1765,0.6285,0.8813,0.0,0.0
5,49,0.002,29.6076,0.6192,0.8786,0.0,0.0
5,50,0.002,29.5112,0.6255,0.8779,0.0,0.0
5,51,0.002,29.8513,0.6294,0.8780,0.0,0.0
5,52,0.002,30.3478,0.6158,0.8764,0.0,0.0
5,53,0.002,29.4882,0.6164,0.8788,0.0,0.0
5,54,0.002,29.9111,0.6175,0.8781,0.0,0.0
5,55,0.002,30.4803,0.6277,0.8757,0.0,0.0
5,56,0.002,29.8139,0.6283,0.8787,0.0,0.0
5,57,0.002,28.6649,0.6172,0.8830,0.0,0.0
5,58,0.002,29.9660,0.6058,0.8772,0.0,0.0
5,59,0.002,29.5788,0.6187,0.8795,0.0,0.0
5,60,0.002,28.9509,0.6211,0.8824,0.0,0.0
5,61,0.002,30.3795,0.6196,0.8766,0.0,0.0
5,62,0.002,28.4052,0.6123,0.8831,0.0,0.0
5,63,0.002,28.2145,0.6311,0.8840,0.0,0.0
5,64,0.002,28.7634,0.6288,0.8826,0.0,0.0
5,65,0.002,30.0303,0.6231,0.8781,0.0,0.0
5,66,0.002,30.2514,0.6077,0.8761,0.0,0.0
5,67,0.002,29.6859,0.6321,0.8778,0.0,0.0
5,68,0.001,28.0552,0.6292,0.8833,0.0,0.0
5,69,0.001,29.3267,0.6155,0.8808,0.0,0.0
5,70,0.001,28.0988,0.6162,0.8841,0.0,0.0
5,71,0.001,29.0997,0.6180,0.8804,0.0,0.0
5,72,0.001,29.2858,0.6163,0.8804,0.0,0.0
5,73,0.001,28.3083,0.6153,0.8833,0.0,0.0
5,74,0.001,28.7078,0.6132,0.8830,0.0,0.0
5,75,0.001,28.4256,0.6140,0.8837,0.0,0.0
5,76,0.001,28.7862,0.5999,0.8819,0.0,0.0
5,77,0.001,29.1237,0.5987,0.8810,0.0,0.0
5,78,0.001,28.7054,0.6154,0.8820,0.0,0.0
5,79,0.001,28.8105,0.6098,0.8823,0.0,0.0
5,80,0.001,28.5567,0.6013,0.8830,0.0,0.0
5,81,0.001,28.8692,0.6024,0.8818,0.0,0.0
5,82,0.001,28.8180,0.6165,0.8820,0.0,0.0
5,83,0.001,28.8073,0.6206,0.8816,0.0,0.0
5,84,0.001,29.1004,0.6092,0.8810,0.0,0.0
5,85,0.0005,29.0032,0.6060,0.8820,0.0,0.0
5,86,0.0005,28.3156,0.6063,0.8838,0.0,0.0
5,87,0.0005,28.5847,0.6050,0.8834,0.0,0.0
5,88,0.0005,28.2196,0.6065,0.8848,0.0,0.0
5,89,0.0005,28.5732,0.6077,0.8835,0.0,0.0
5,90,0.0005,29.1490,0.6066,0.8803,0.0,0.0
5,91,0.0005,28.4786,0.6117,0.8833,0.0,0.0
5,92,0.0005,28.7836,0.6133,0.8825,0.0,0.0
5,93,0.0005,29.1534,0.6121,0.8809,0.0,0.0
5,94,0.0005,29.2547,0.6123,0.8799,0.0,0.0
5,95,0.0005,28.3559,0.6099,0.8832,0.0,0.0
5,96,0.0005,29.4055,0.6028,0.8798,0.0,0.0
5,97,0.00025,29.0488,0.6043,0.8809,0.0,0.0
5,98,0.00025,28.5806,0.6064,0.8828,0.0,0.0
5,99,0.00025,28.8099,0.6073,0.8823,0.0,0.0
5,100,0.00025,28.7986,0.6045,0.8818,0.0,0.0
6,0,0.002,34.7120,0.8961,0.8665,0.0,0.0
6,1,0.002,32.7330,0.8414,0.8745,0.0,0.0
6,2,0.002,30.7857,0.8553,0.8820,0.0,0.0
6,3,0.002,30.2120,0.8627,0.8840,0.0,0.0
6,4,0.002,29.5418,0.8339,0.8872,0.0,0.0
6,5,0.002,29.1468,0.8520,0.8872,0.0,0.0
6,6,0.002,29.0743,0.8548,0.8887,0.0,0.0
6,7,0.002,27.4066,0.8609,0.8940,0.0,0.0
6,8,0.002,30.3353,0.8198,0.8840,0.0,0.0
6,9,0.002,29.0910,0.8021,0.8873,0.0,0.0
6,10,0.002,29.1849,0.8665,0.8876,0.0,0.0
6,11,0.002,27.1471,0.8645,0.8932,0.0,0.0
6,12,0.002,28.2944,0.8150,0.8919,0.0,0.0
6,13,0.002,28.3719,0.8305,0.8907,0.0,0.0
6,14,0.002,28.3936,0.8329,0.8897,0.0,0.0
6,15,0.002,28.0214,0.8125,0.8927,0.0,0.0
6,16,0.002,27.7644,0.8694,0.8921,0.0,0.0
6,17,0.002,28.3645,0.7987,0.8911,0.0,0.0
6,18,0.002,28.3559,0.8173,0.8898,0.0,0.0
6,19,0.002,27.9009,0.8842,0.8920,0.0,0.0
6,20,0.002,27.0416,0.8101,0.8947,0.0,0.0
6,21,0.002,28.4446,0.8542,0.8911,0.0,0.0
6,22,0.002,28.6609,0.7932,0.8879,0.0,0.0
6,23,0.002,29.2510,0.8231,0.8871,0.0,0.0
6,24,0.002,28.8563,0.8745,0.8889,0.0,0.0
6,25,0.002,26.0857,0.8452,0.8981,0.0,0.0
6,26,0.002,26.4201,0.8357,0.8964,0.0,0.0
6,27,0.002,28.2104,0.8144,0.8877,0.0,0.0
6,28,0.002,26.3889,0.8655,0.8962,0.0,0.0
6,29,0.002,27.9566,0.8076,0.8912,0.0,0.0
6,30,0.002,26.9274,0.8194,0.8960,0.0,0.0
6,31,0.002,27.1416,0.8126,0.8937,0.0,0.0
6,32,0.002,28.8140,0.8134,0.8865,0.0,0.0
6,33,0.002,28.3663,0.8085,0.8902,0.0,0.0
6,34,0.002,27.2184,0.8362,0.8932,0.0,0.0
6,35,0.002,27.3734,0.8093,0.8923,0.0,0.0
6,36,0.002,28.0347,0.7927,0.8914,0.0,0.0
6,37,0.002,28.4309,0.8317,0.8888,0.0,0.0
6,38,0.002,28.5637,0.8336,0.8889,0.0,0.0
6,39,0.002,27.6600,0.7908,0.8919,0.0,0.0
6,40,0.002,28.5747,0.8104,0.8879,0.0,0.0
6,41,0.002,27.9046,0.8076,0.8912,0.0,0.0
6,42,0.002,27.6400,0.8218,0.8916,0.0,0.0
6,43,0.002,28.5565,0.8095,0.8882,0.0,0.0
6,44,0.002,27.9121,0.7987,0.8904,0.0,0.0
6,45,0.002,28.0323,0.8117,0.8890,0.0,0.0
6,46,0.002,29.6242,0.8121,0.8855,0.0,0.0
6,47,0.002,27.1663,0.8170,0.8923,0.0,0.0
6,48,0.002,28.1530,0.8181,0.8891,0.0,0.0
6,49,0.002,27.7127,0.7733,0.8917,0.0,0.0
6,50,0.002,27.7979,0.8173,0.8897,0.0,0.0
6,51,0.002,26.9423,0.8189,0.8945,0.0,0.0
6,52,0.002,27.3929,0.7935,0.8928,0.0,0.0
6,53,0.002,28.4145,0.7823,0.8894,0.0,0.0
6,54,0.002,28.5893,0.7787,0.8874,0.0,0.0
6,55,0.002,27.2041,0.7502,0.8938,0.0,0.0
6,56,0.002,27.4148,0.8585,0.8921,0.0,0.0
6,57,0.002,26.8305,0.7835,0.8927,0.0,0.0
6,58,0.002,29.1809,0.8804,0.8844,0.0,0.0
6,59,0.002,26.4690,0.7650,0.8956,0.0,0.0
6,60,0.002,28.8803,0.8335,0.8873,0.0,0.0
6,61,0.002,27.4395,0.8067,0.8909,0.0,0.0
6,62,0.002,26.8966,0.7807,0.8931,0.0,0.0
6,63,0.002,28.5837,0.7662,0.8879,0.0,0.0
6,64,0.002,27.7119,0.7805,0.8917,0.0,0.0
6,65,0.002,26.7553,0.8211,0.8934,0.0,0.0
6,66,0.002,26.6227,0.8442,0.8948,0.0,0.0
6,67,0.002,28.3837,0.7563,0.8881,0.0,0.0
6,68,0.002,26.1985,0.7676,0.8957,0.0,0.0
6,69,0.002,26.6937,0.8368,0.8938,0.0,0.0
6,70,0.002,27.8836,0.7853,0.8887,0.0,0.0
6,71,0.002,27.0517,0.7317,0.8938,0.0,0.0
6,72,0.002,28.0692,0.7378,0.8870,0.0,0.0
6,73,0.002,28.0793,0.7980,0.8884,0.0,0.0
6,74,0.002,28.2683,0.8031,0.8882,0.0,0.0
6,75,0.002,27.7185,0.7829,0.8902,0.0,0.0
6,76,0.002,26.9092,0.7753,0.8932,0.0,0.0
6,77,0.002,26.1708,0.7683,0.8966,0.0,0.0
6,78,0.002,27.3938,0.7999,0.8917,0.0,0.0
6,79,0.002,27.2051,0.7853,0.8916,0.0,0.0
6,80,0.002,27.7876,0.7759,0.8904,0.0,0.0
6,81,0.002,29.2453,0.7687,0.8826,0.0,0.0
6,82,0.002,28.0235,0.7872,0.8884,0.0,0.0
6,83,0.002,28.1040,0.7314,0.8891,0.0,0.0
6,84,0.002,27.9125,0.7698,0.8884,0.0,0.0
6,85,0.002,27.6299,0.8256,0.8894,0.0,0.0
6,86,0.001,27.8619,0.7911,0.8886,0.0,0.0
6,87,0.001,28.1883,0.7427,0.8876,0.0,0.0
6,88,0.001,27.5953,0.7672,0.8903,0.0,0.0
6,89,0.001,27.8362,0.7602,0.8895,0.0,0.0
6,90,0.001,28.3388,0.7751,0.8875,0.0,0.0
6,91,0.001,27.8548,0.7841,0.8894,0.0,0.0
6,92,0.001,27.8485,0.7778,0.8893,0.0,0.0
6,93,0.001,27.6214,0.7698,0.8907,0.0,0.0
6,94,0.001,27.2857,0.7562,0.8920,0.0,0.0
6,95,0.001,27.8961,0.7462,0.8896,0.0,0.0
6,96,0.001,27.8220,0.7656,0.8897,0.0,0.0
6,97,0.001,27.8845,0.7665,0.8882,0.0,0.0
6,98,0.0005,27.2509,0.7733,0.8917,0.0,0.0
6,99,0.0005,27.8502,0.7694,0.8896,0.0,0.0
6,100,0.0005,27.5507,0.7609,0.8904,0.0,0.0
6,101,0.0005,27.5944,0.7506,0.8900,0.0,0.0
6,102,0.0005,27.7960,0.7539,0.8892,0.0,0.0
6,103,0.0005,27.7250,0.7707,0.8895,0.0,0.0
6,104,0.0005,28.0335,0.7706,0.8884,0.0,0.0
6,105,0.0005,27.6602,0.7740,0.8902,0.0,0.0
6,106,0.0005,27.5206,0.7678,0.8908,0.0,0.0
6,107,0.0005,27.9707,0.7673,0.8887,0.0,0.0
6,108,0.0005,27.6444,0.7710,0.8902,0.0,0.0
6,109,0.0005,27.6816,0.7662,0.8900,0.0,0.0
6,110,0.0005,27.4557,0.7579,0.8907,0.0,0.0
6,111,0.0005,27.7124,0.7540,0.8897,0.0,0.0
6,112,0.0005,27.6364,0.7615,0.8898,0.0,0.0
6,113,0.0005,27.4612,0.7643,0.8908,0.0,0.0
6,114,0.0005,27.9520,0.7781,0.8887,0.0,0.0
6,115,0.0005,27.8618,0.7652,0.8890,0.0,0.0
6,116,0.0005,27.6199,0.7552,0.8902,0.0,0.0
6,117,0.00025,27.4751,0.7547,0.8909,0.0,0.0
6,118,0.00025,27.5027,0.7550,0.8910,0.0,0.0
6,119,0.00025,27.6595,0.7637,0.8902,0.0,0.0
6,120,0.00025,27.6147,0.7746,0.8900,0.0,0.0
6,121,0.00025,27.6209,0.7705,0.8901,0.0,0.0
6,122,0.00025,27.6634,0.7707,0.8900,0.0,0.0
6,123,0.00025,27.9909,0.7719,0.8888,0.0,0.0
6,124,0.00025,27.7044,0.7661,0.8897,0.0,0.0
6,125,0.00025,27.3227,0.7628,0.8911,0.0,0.0
6,126,0.00025,28.0434,0.7596,0.8886,0.0,0.0
6,127,0.00025,27.5218,0.7652,0.8906,0.0,0.0
6,128,0.00025,27.6875,0.7587,0.8900,0.0,0.0
6,129,0.000125,27.8734,0.7588,0.8893,0.0,0.0
6,130,0.000125,27.6701,0.7627,0.8899,0.0,0.0
6,131,0.000125,27.4333,0.7667,0.8908,0.0,0.0
6,132,0.000125,27.6086,0.7689,0.8903,0.0,0.0
6,133,0.000125,27.6995,0.7703,0.8899,0.0,0.0
6,134,0.000125,27.5195,0.7696,0.8905,0.0,0.0
6,135,0.000125,27.5868,0.7646,0.8903,0.0,0.0
6,136,0.000125,27.5182,0.7630,0.8905,0.0,0.0
6,137,0.000125,27.6022,0.7647,0.8903,0.0,0.0
6,138,0.000125,27.7056,0.7670,0.8898,0.0,0.0
6,139,0.000125,27.6937,0.7688,0.8898,0.0,0.0
6,140,0.000125,27.5809,0.7709,0.8903,0.0,0.0
6,141,0.0001,27.6162,0.7707,0.8902,0.0,0.0
6,142,0.0001,27.6523,0.7698,0.8900,0.0,0.0
6,143,0.0001,27.6976,0.7682,0.8898,0.0,0.0
6,144,0.0001,27.6393,0.7665,0.8901,0.0,0.0
6,145,0.0001,27.4683,0.7658,0.8908,0.0,0.0
6,146,0.0001,27.4989,0.7662,0.8906,0.0,0.0
6,147,0.0001,27.5520,0.7651,0.8904,0.0,0.0
6,148,0.0001,27.6662,0.7651,0.8901,0.0,0.0
6,149,0.0001,27.7110,0.7654,0.8899,0.0,0.0
6,150,0.0001,27.5815,0.7650,0.8902,0.0,0.0
6,151,0.0001,27.7419,0.7636,0.8895,0.0,0.0
6,152,0.0001,27.7324,0.7622,0.8897,0.0,0.0
6,153,0.0001,27.5859,0.7627,0.8903,0.0,0.0
6,154,0.0001,27.5735,0.7642,0.8903,0.0,0.0
6,155,0.0001,27.6846,0.7634,0.8897,0.0,0.0
6,156,0.0001,27.7631,0.7628,0.8893,0.0,0.0
6,157,0.0001,27.6857,0.7651,0.8896,0.0,0.0
6,158,0.0001,27.6467,0.7666,0.8898,0.0,0.0
6,159,0.0001,27.6555,0.7658,0.8898,0.0,0.0
6,160,0.0001,27.5604,0.7634,0.8902,0.0,0.0
6,161,0.0001,27.6249,0.7615,0.8900,0.0,0.0
6,162,0.0001,27.7728,0.7629,0.8894,0.0,0.0
6,163,0.0001,27.7396,0.7664,0.8896,0.0,0.0
6,164,0.0001,27.5325,0.7681,0.8904,0.0,0.0
6,165,0.0001,27.6072,0.7655,0.8902,0.0,0.0
6,166,0.0001,27.7294,0.7630,0.8898,0.0,0.0
6,167,0.0001,27.7232,0.7634,0.8898,0.0,0.0
6,168,0.0001,27.6018,0.7658,0.8903,0.0,0.0
6,169,0.0001,27.5162,0.7670,0.8906,0.0,0.0
6,170,0.0001,27.6255,0.7658,0.8901,0.0,0.0
6,171,0.0001,27.5907,0.7655,0.8902,0.0,0.0
6,172,0.0001,27.4877,0.7665,0.8907,0.0,0.0
6,173,0.0001,27.5430,0.7677,0.8903,0.0,0.0
6,174,0.0001,27.6816,0.7680,0.8898,0.0,0.0
6,175,0.0001,27.6163,0.7653,0.8900,0.0,0.0
6,176,0.0001,27.5949,0.7618,0.8902,0.0,0.0
6,177,0.0001,27.6996,0.7611,0.8899,0.0,0.0
6,178,0.0001,27.7049,0.7623,0.8899,0.0,0.0
6,179,0.0001,27.6905,0.7621,0.8900,0.0,0.0
6,180,0.0001,27.4631,0.7606,0.8908,0.0,0.0
6,181,0.0001,27.4502,0.7593,0.8909,0.0,0.0
6,182,0.0001,27.5876,0.7582,0.8904,0.0,0.0
6,183,0.0001,27.5269,0.7597,0.8905,0.0,0.0
6,184,0.0001,27.5133,0.7615,0.8907,0.0,0.0
6,185,0.0001,27.4580,0.7636,0.8908,0.0,0.0
6,186,0.0001,27.5840,0.7630,0.8904,0.0,0.0
6,187,0.0001,27.5044,0.7629,0.8907,0.0,0.0
6,188,0.0001,27.4499,0.7627,0.8908,0.0,0.0
6,189,0.0001,27.6760,0.7620,0.8900,0.0,0.0
6,190,0.0001,27.5296,0.7650,0.8906,0.0,0.0
6,191,0.0001,27.4365,0.7670,0.8909,0.0,0.0
6,192,0.0001,27.5874,0.7656,0.8902,0.0,0.0
6,193,0.0001,27.5461,0.7645,0.8901,0.0,0.0
6,194,0.0001,27.6398,0.7624,0.8899,0.0,0.0
6,195,0.0001,27.5627,0.7636,0.8903,0.0,0.0
6,196,0.0001,27.5084,0.7661,0.8905,0.0,0.0
6,197,0.0001,27.5841,0.7662,0.8903,0.0,0.0
6,198,0.0001,27.5683,0.7665,0.8904,0.0,0.0
6,199,0.0001,27.4457,0.7667,0.8909,0.0,0.0
7,0,0.002,43.6181,0.6734,0.8459,0.0,0.0
7,1,0.002,39.5395,0.6656,0.8594,0.0,0.0
7,2,0.002,36.6004,0.6799,0.8697,0.0,0.0
7,3,0.002,34.1026,0.7461,0.8783,0.0,0.0
7,4,0.002,39.7029,0.7000,0.8578,0.0,0.0
7,5,0.002,36.6926,0.7007,0.8699,0.0,0.0
7,6,0.002,36.4438,0.6864,0.8709,0.0,0.0
7,7,0.002,34.1632,0.7079,0.8763,0.0,0.0
7,8,0.002,36.3830,0.6985,0.8718,0.0,0.0
7,9,0.002,37.6352,0.7107,0.8675,0.0,0.0
7,10,0.002,31.3498,0.6861,0.8868,0.0,0.0
7,11,0.002,35.3345,0.6265,0.8730,0.0,0.0
7,12,0.002,32.2813,0.6598,0.8846,0.0,0.0
7,13,0.002,36.9351,0.6977,0.8697,0.0,0.0
7,14,0.002,33.3793,0.6798,0.8819,0.0,0.0
7,15,0.002,33.5747,0.6692,0.8809,0.0,0.0
7,16,0.002,33.6992,0.6573,0.8787,0.0,0.0
7,17,0.002,34.4034,0.6791,0.8759,0.0,0.0
7,18,0.002,32.5725,0.6571,0.8846,0.0,0.0
7,19,0.002,34.2244,0.6503,0.8789,0.0,0.0
7,20,0.002,34.9402,0.6671,0.8747,0.0,0.0
7,21,0.002,34.5302,0.6453,0.8749,0.0,0.0
7,22,0.002,34.5380,0.6956,0.8774,0.0,0.0
7,23,0.002,35.6149,0.6406,0.8743,0.0,0.0
7,24,0.002,35.3355,0.6506,0.8724,0.0,0.0
7,25,0.002,34.3048,0.6323,0.8792,0.0,0.0
7,26,0.002,33.4606,0.6633,0.8791,0.0,0.0
7,27,0.002,33.4437,0.6583,0.8795,0.0,0.0
7,28,0.002,34.1821,0.6782,0.8780,0.0,0.0
7,29,0.002,32.9242,0.6524,0.8820,0.0,0.0
7,30,0.002,34.0862,0.6249,0.8769,0.0,0.0
7,31,0.002,33.7344,0.6390,0.8800,0.0,0.0
7,32,0.001,33.4170,0.6229,0.8809,0.0,0.0
7,33,0.001,34.7954,0.6417,0.8751,0.0,0.0
7,34,0.001,34.1066,0.6662,0.8781,0.0,0.0
7,35,0.001,33.5741,0.6542,0.8792,0.0,0.0
7,36,0.001,33.6741,0.6411,0.8789,0.0,0.0
7,37,0.001,33.8866,0.6418,0.8778,0.0,0.0
7,38,0.001,33.8277,0.6322,0.8782,0.0,0.0
7,39,0.001,33.5882,0.6366,0.8798,0.0,0.0
7,40,0.001,33.5639,0.6445,0.8792,0.0,0.0
7,41,0.001,33.9661,0.6379,0.8779,0.0,0.0
7,42,0.001,33.7288,0.6351,0.8782,0.0,0.0
7,43,0.001,34.9299,0.6408,0.8742,0.0,0.0
7,44,0.001,33.6905,0.6334,0.8789,0.0,0.0
7,45,0.001,33.3672,0.6491,0.8798,0.0,0.0
7,46,0.001,34.0769,0.6486,0.8775,0.0,0.0
7,47,0.001,32.9918,0.6314,0.8812,0.0,0.0
7,48,0.001,33.2835,0.6416,0.8805,0.0,0.0
7,49,0.001,34.2855,0.6373,0.8767,0.0,0.0
7,50,0.001,34.0079,0.6367,0.8779,0.0,0.0
7,51,0.001,33.6302,0.6510,0.8787,0.0,0.0
7,52,0.001,33.3127,0.6356,0.8800,0.0,0.0
7,53,0.001,33.2682,0.6418,0.8795,0.0,0.0
7,54,0.001,33.6228,0.6284,0.8790,0.0,0.0
7,55,0.001,32.6773,0.6381,0.8819,0.0,0.0
7,56,0.001,33.8492,0.6283,0.8784,0.0,0.0
7,57,0.001,34.0018,0.6384,0.8774,0.0,0.0
7,58,0.001,32.9169,0.6333,0.8812,0.0,0.0
7,59,0.001,33.2266,0.6288,0.8805,0.0,0.0
7,60,0.001,33.8669,0.6355,0.8779,0.0,0.0
7,61,0.001,33.3785,0.6408,0.8799,0.0,0.0
7,62,0.001,33.4340,0.6341,0.8798,0.0,0.0
7,63,0.001,32.8951,0.6306,0.8819,0.0,0.0
7,64,0.001,33.4748,0.6302,0.8792,0.0,0.0
7,65,0.001,34.3697,0.6442,0.8767,0.0,0.0
7,66,0.001,33.4438,0.6453,0.8793,0.0,0.0
7,67,0.001,33.3788,0.6324,0.8790,0.0,0.0
7,68,0.001,32.2848,0.6495,0.8834,0.0,0.0
7,69,0.0005,34.0839,0.6357,0.8775,0.0,0.0
7,70,0.0005,32.7590,0.6294,0.8817,0.0,0.0
7,71,0.0005,33.0289,0.6352,0.8810,0.0,0.0
7,72,0.0005,33.1531,0.6353,0.8806,0.0,0.0
7,73,0.0005,33.1588,0.6323,0.8804,0.0,0.0
7,74,0.0005,33.2637,0.6283,0.8808,0.0,0.0
7,75,0.0005,33.1519,0.6399,0.8803,0.0,0.0
7,76,0.0005,33.3060,0.6344,0.8798,0.0,0.0
7,77,0.0005,33.4041,0.6350,0.8798,0.0,0.0
7,78,0.0005,33.2856,0.6432,0.8803,0.0,0.0
7,79,0.0005,32.8183,0.6452,0.8817,0.0,0.0
7,80,0.0005,33.7168,0.6402,0.8785,0.0,0.0
7,81,0.0005,32.8619,0.6410,0.8814,0.0,0.0
7,82,0.0005,33.6940,0.6418,0.8790,0.0,0.0
7,83,0.0005,33.0567,0.6398,0.8806,0.0,0.0
7,84,0.0005,32.9280,0.6380,0.8812,0.0,0.0
7,85,0.0005,33.2495,0.6410,0.8808,0.0,0.0
7,86,0.0005,32.9702,0.6339,0.8806,0.0,0.0
7,87,0.0005,32.9811,0.6299,0.8805,0.0,0.0
7,88,0.0005,32.7744,0.6365,0.8819,0.0,0.0
7,89,0.0005,33.0758,0.6410,0.8803,0.0,0.0
7,90,0.0005,33.0658,0.6411,0.8804,0.0,0.0
7,91,0.0005,33.1614,0.6398,0.8805,0.0,0.0
7,92,0.0005,33.0982,0.6418,0.8806,0.0,0.0
7,93,0.00025,33.1568,0.6401,0.8804,0.0,0.0
7,94,0.00025,33.3663,0.6385,0.8794,0.0,0.0
7,95,0.00025,32.7030,0.6391,0.8816,0.0,0.0
7,96,0.00025,33.3634,0.6340,0.8796,0.0,0.0
7,97,0.00025,33.2896,0.6408,0.8796,0.0,0.0
7,98,0.00025,32.9393,0.6389,0.8810,0.0,0.0
7,99,0.00025,33.2246,0.6337,0.8801,0.0,0.0
7,100,0.00025,33.0931,0.6316,0.8805,0.0,0.0
8,0,0.002,36.0659,0.5353,0.8794,0.0,0.0
8,1,0.002,35.5587,0.5417,0.8810,0.0,0.0
8,2,0.002,33.2350,0.5327,0.8916,0.0,0.0
8,3,0.002,33.4095,0.5137,0.8922,0.0,0.0
8,4,0.002,32.9834,0.5113,0.8936,0.0,0.0
8,5,0.002,31.5803,0.5128,0.8981,0.0,0.0
8,6,0.002,31.4437,0.5061,0.9000,0.0,0.0
8,7,0.002,30.0224,0.5034,0.9064,0.0,0.0
8,8,0.002,30.2639,0.5002,0.9060,0.0,0.0
8,9,0.002,31.1501,0.4911,0.9020,0.0,0.0
8,10,0.002,30.0781,0.4709,0.9062,0.0,0.0
8,11,0.002,31.0492,0.4695,0.9027,0.0,0.0
8,12,0.002,30.1861,0.4839,0.9052,0.0,0.0
8,13,0.002,29.8588,0.4949,0.9043,0.0,0.0
8,14,0.002,30.4762,0.4907,0.9024,0.0,0.0
8,15,0.002,30.3594,0.4809,0.9039,0.0,0.0
8,16,0.002,29.6578,0.4776,0.9063,0.0,0.0
8,17,0.002,29.1395,0.4895,0.9079,0.0,0.0
8,18,0.002,30.1943,0.5011,0.9043,0.0,0.0
8,19,0.002,28.2099,0.5000,0.9121,0.0,0.0
8,20,0.002,30.1389,0.4894,0.9063,0.0,0.0
8,21,0.002,30.2339,0.4840,0.9043,0.0,0.0
8,22,0.002,29.4206,0.4773,0.9078,0.0,0.0
8,23,0.002,29.9228,0.4726,0.9059,0.0,0.0
8,24,0.002,30.2728,0.4804,0.9051,0.0,0.0
8,25,0.002,28.3537,0.4874,0.9121,0.0,0.0
8,26,0.002,28.7190,0.4920,0.9103,0.0,0.0
8,27,0.002,31.2042,0.4878,0.9023,0.0,0.0
8,28,0.002,28.0563,0.4758,0.9138,0.0,0.0
8,29,0.002,27.1881,0.4622,0.9168,0.0,0.0
8,30,0.002,28.0053,0.4538,0.9139,0.0,0.0
8,31,0.002,29.9932,0.4613,0.9047,0.0,0.0
8,32,0.002,30.8223,0.4929,0.9018,0.0,0.0
8,33,0.002,27.5265,0.4975,0.9131,0.0,0.0
8,34,0.002,30.5159,0.4842,0.9032,0.0,0.0
8,35,0.002,30.1683,0.4819,0.9049,0.0,0.0
8,36,0.002,26.0288,0.4839,0.9189,0.0,0.0
8,37,0.002,26.8436,0.4784,0.9166,0.0,0.0
8,38,0.002,29.7933,0.4743,0.9065,0.0,0.0
8,39,0.002,30.4628,0.4673,0.9037,0.0,0.0
8,40,0.002,28.1031,0.4727,0.9134,0.0,0.0
8,41,0.002,28.4016,0.4751,0.9109,0.0,0.0
8,42,0.002,30.8041,0.4698,0.9011,0.0,0.0
8,43,0.002,28.8405,0.4760,0.9074,0.0,0.0
8,44,0.002,29.2147,0.4854,0.9074,0.0,0.0
8,45,0.002,30.2585,0.4841,0.9025,0.0,0.0
8,46,0.002,28.5497,0.4734,0.9097,0.0,0.0
8,47,0.002,28.4771,0.4617,0.9094,0.0,0.0
8,48,0.002,30.1720,0.4593,0.9051,0.0,0.0
8,49,0.002,28.7965,0.4713,0.9089,0.0,0.0
8,50,0.002,27.8831,0.4966,0.9118,0.0,0.0
8,51,0.002,28.6482,0.4942,0.9104,0.0,0.0
8,52,0.002,30.5936,0.4907,0.9012,0.0,0.0
8,53,0.002,30.1441,0.4861,0.9007,0.0,0.0
8,54,0.002,29.2977,0.4782,0.9044,0.0,0.0
8,55,0.002,28.8617,0.4707,0.9083,0.0,0.0
8,56,0.002,28.6675,0.4635,0.9105,0.0,0.0
8,57,0.002,29.6412,0.4524,0.9070,0.0,0.0
8,58,0.002,27.8478,0.4636,0.9115,0.0,0.0
8,59,0.002,28.1538,0.4731,0.9115,0.0,0.0
8,60,0.002,29.1128,0.4696,0.9083,0.0,0.0
8,61,0.002,29.3089,0.4719,0.9084,0.0,0.0
8,62,0.002,28.5524,0.4590,0.9120,0.0,0.0
8,63,0.002,28.3747,0.4605,0.9106,0.0,0.0
8,64,0.002,29.3981,0.4691,0.9056,0.0,0.0
8,65,0.002,28.3173,0.4766,0.9105,0.0,0.0
8,66,0.002,27.6452,0.4819,0.9137,0.0,0.0
8,67,0.002,29.2511,0.4764,0.9086,0.0,0.0
8,68,0.001,28.3462,0.4744,0.9108,0.0,0.0
8,69,0.001,27.7055,0.4735,0.9131,0.0,0.0
8,70,0.001,27.9169,0.4681,0.9126,0.0,0.0
8,71,0.001,28.3357,0.4590,0.9105,0.0,0.0
8,72,0.001,28.4918,0.4462,0.9097,0.0,0.0
8,73,0.001,28.8776,0.4470,0.9081,0.0,0.0
8,74,0.001,28.1119,0.4566,0.9105,0.0,0.0
8,75,0.001,28.4109,0.4655,0.9096,0.0,0.0
8,76,0.001,28.6553,0.4688,0.9087,0.0,0.0
8,77,0.001,28.6831,0.4674,0.9084,0.0,0.0
8,78,0.001,28.4901,0.4659,0.9086,0.0,0.0
8,79,0.001,28.3715,0.4660,0.9086,0.0,0.0
8,80,0.0005,28.2717,0.4659,0.9093,0.0,0.0
8,81,0.0005,28.7315,0.4658,0.9084,0.0,0.0
8,82,0.0005,29.0276,0.4645,0.9077,0.0,0.0
8,83,0.0005,28.6698,0.4630,0.9091,0.0,0.0
8,84,0.0005,28.5500,0.4620,0.9097,0.0,0.0
8,85,0.0005,28.6206,0.4616,0.9098,0.0,0.0
8,86,0.0005,28.7272,0.4626,0.9097,0.0,0.0
8,87,0.0005,28.6448,0.4640,0.9100,0.0,0.0
8,88,0.0005,28.3590,0.4649,0.9107,0.0,0.0
8,89,0.0005,28.4611,0.4652,0.9102,0.0,0.0
8,90,0.0005,28.8242,0.4639,0.9086,0.0,0.0
8,91,0.0005,28.7782,0.4613,0.9086,0.0,0.0
8,92,0.0005,28.4690,0.4596,0.9095,0.0,0.0
8,93,0.0005,28.3031,0.4594,0.9102,0.0,0.0
8,94,0.0005,28.6722,0.4611,0.9091,0.0,0.0
8,95,0.0005,28.6072,0.4634,0.9092,0.0,0.0
8,96,0.0005,28.0785,0.4649,0.9106,0.0,0.0
8,97,0.0005,27.8927,0.4651,0.9111,0.0,0.0
8,98,0.0005,28.2620,0.4628,0.9100,0.0,0.0
8,99,0.0005,29.0941,0.4593,0.9073,0.0,0.0
8,100,0.0005,29.0709,0.4589,0.9073,0.0,0.0
8,101,0.00025,28.7347,0.4577,0.9086,0.0,0.0
8,102,0.00025,28.4064,0.4570,0.9100,0.0,0.0
8,103,0.00025,28.2417,0.4561,0.9108,0.0,0.0
8,104,0.00025,28.2871,0.4551,0.9108,0.0,0.0
8,105,0.00025,28.4467,0.4533,0.9103,0.0,0.0
8,106,0.00025,28.6043,0.4518,0.9097,0.0,0.0
8,107,0.00025,28.4949,0.4497,0.9099,0.0,0.0
8,108,0.00025,28.3679,0.4478,0.9102,0.0,0.0
8,109,0.00025,28.3220,0.4462,0.9102,0.0,0.0
8,110,0.00025,28.2741,0.4475,0.9102,0.0,0.0
8,111,0.00025,28.3531,0.4507,0.9099,0.0,0.0
8,112,0.00025,28.3769,0.4537,0.9097,0.0,0.0
8,113,0.000125,28.3977,0.4552,0.9096,0.0,0.0
8,114,0.000125,28.3887,0.4563,0.9096,0.0,0.0
8,115,0.000125,28.4678,0.4568,0.9094,0.0,0.0
8,116,0.000125,28.6292,0.4568,0.9089,0.0,0.0
8,117,0.000125,28.7817,0.4564,0.9084,0.0,0.0
8,118,0.000125,28.8985,0.4559,0.9081,0.0,0.0
8,119,0.000125,28.9125,0.4553,0.9081,0.0,0.0
8,120,0.000125,28.7556,0.4546,0.9087,0.0,0.0
8,121,0.000125,28.5209,0.4538,0.9095,0.0,0.0
8,122,0.000125,28.3551,0.4529,0.9100,0.0,0.0
8,123,0.000125,28.2845,0.4518,0.9103,0.0,0.0
8,124,0.000125,28.4035,0.4508,0.9100,0.0,0.0
8,125,0.0001,28.5324,0.4502,0.9096,0.0,0.0
8,126,0.0001,28.5746,0.4500,0.9094,0.0,0.0
8,127,0.0001,28.6348,0.4500,0.9092,0.0,0.0
8,128,0.0001,28.6509,0.4503,0.9091,0.0,0.0
8,129,0.0001,28.6082,0.4506,0.9092,0.0,0.0
8,130,0.0001,28.5218,0.4508,0.9094,0.0,0.0
8,131,0.0001,28.4831,0.4510,0.9095,0.0,0.0
8,132,0.0001,28.4226,0.4511,0.9098,0.0,0.0
8,133,0.0001,28.3108,0.4510,0.9102,0.0,0.0
8,134,0.0001,28.2317,0.4509,0.9106,0.0,0.0
8,135,0.0001,28.1894,0.4505,0.9108,0.0,0.0
8,136,0.0001,28.1799,0.4503,0.9109,0.0,0.0
8,137,0.0001,28.2149,0.4503,0.9108,0.0,0.0
8,138,0.0001,28.2647,0.4506,0.9106,0.0,0.0
8,139,0.0001,28.3613,0.4511,0.9102,0.0,0.0
8,140,0.0001,28.4698,0.4514,0.9098,0.0,0.0
8,141,0.0001,28.5139,0.4515,0.9096,0.0,0.0
8,142,0.0001,28.4908,0.4512,0.9097,0.0,0.0
8,143,0.0001,28.4516,0.4508,0.9099,0.0,0.0
8,144,0.0001,28.4516,0.4503,0.9100,0.0,0.0
8,145,0.0001,28.4198,0.4498,0.9101,0.0,0.0
8,146,0.0001,28.3497,0.4497,0.9104,0.0,0.0
8,147,0.0001,28.2830,0.4495,0.9105,0.0,0.0
8,148,0.0001,28.2083,0.4496,0.9107,0.0,0.0
8,149,0.0001,28.1675,0.4498,0.9108,0.0,0.0
8,150,0.0001,28.1435,0.4500,0.9109,0.0,0.0
8,151,0.0001,28.1615,0.4501,0.9108,0.0,0.0
8,152,0.0001,28.2394,0.4501,0.9105,0.0,0.0
8,153,0.0001,28.3428,0.4502,0.9102,0.0,0.0
8,154,0.0001,28.4258,0.4505,0.9099,0.0,0.0
8,155,0.0001,28.5180,0.4510,0.9095,0.0,0.0
8,156,0.0001,28.5842,0.4514,0.9093,0.0,0.0
8,157,0.0001,28.6102,0.4519,0.9093,0.0,0.0
8,158,0.0001,28.6032,0.4520,0.9093,0.0,0.0
8,159,0.0001,28.6207,0.4521,0.9093,0.0,0.0
8,160,0.0001,28.5548,0.4523,0.9095,0.0,0.0
8,161,0.0001,28.4306,0.4524,0.9099,0.0,0.0
8,162,0.0001,28.2808,0.4522,0.9105,0.0,0.0
8,163,0.0001,28.2008,0.4519,0.9108,0.0,0.0
8,164,0.0001,28.1489,0.4515,0.9110,0.0,0.0
8,165,0.0001,28.1522,0.4512,0.9111,0.0,0.0
8,166,0.0001,28.1489,0.4508,0.9111,0.0,0.0
8,167,0.0001,28.2035,0.4505,0.9110,0.0,0.0
8,168,0.0001,28.2897,0.4503,0.9106,0.0,0.0
8,169,0.0001,28.3302,0.4502,0.9104,0.0,0.0
8,170,0.0001,28.3617,0.4502,0.9102,0.0,0.0
8,171,0.0001,28.3943,0.4504,0.9101,0.0,0.0
8,172,0.0001,28.3845,0.4507,0.9101,0.0,0.0
8,173,0.0001,28.3121,0.4511,0.9104,0.0,0.0
8,174,0.0001,28.2775,0.4516,0.9105,0.0,0.0
8,175,0.0001,28.2298,0.4521,0.9108,0.0,0.0
8,176,0.0001,28.2024,0.4523,0.9109,0.0,0.0
8,177,0.0001,28.2274,0.4525,0.9109,0.0,0.0
8,178,0.0001,28.2944,0.4526,0.9106,0.0,0.0
8,179,0.0001,28.3715,0.4526,0.9103,0.0,0.0
8,180,0.0001,28.3850,0.4526,0.9102,0.0,0.0
8,181,0.0001,28.3776,0.4526,0.9101,0.0,0.0
8,182,0.0001,28.3777,0.4522,0.9101,0.0,0.0
8,183,0.0001,28.3949,0.4517,0.9100,0.0,0.0
8,184,0.0001,28.3914,0.4512,0.9099,0.0,0.0
8,185,0.0001,28.4380,0.4509,0.9098,0.0,0.0
8,186,0.0001,28.4712,0.4506,0.9097,0.0,0.0
8,187,0.0001,28.4879,0.4504,0.9096,0.0,0.0
8,188,0.0001,28.4482,0.4504,0.9098,0.0,0.0
8,189,0.0001,28.4099,0.4503,0.9099,0.0,0.0
8,190,0.0001,28.3996,0.4504,0.9100,0.0,0.0
8,191,0.0001,28.4130,0.4507,0.9100,0.0,0.0
8,192,0.0001,28.3566,0.4509,0.9102,0.0,0.0
8,193,0.0001,28.2465,0.4508,0.9106,0.0,0.0
8,194,0.0001,28.2336,0.4506,0.9107,0.0,0.0
8,195,0.0001,28.1973,0.4502,0.9108,0.0,0.0
8,196,0.0001,28.2433,0.4498,0.9106,0.0,0.0
8,197,0.0001,28.2538,0.4496,0.9106,0.0,0.0
8,198,0.0001,28.2378,0.4493,0.9106,0.0,0.0
8,199,0.0001,28.2335,0.4491,0.9106,0.0,0.0
9,0,0.002,25.3358,0.5750,0.9005,0.0,0.0
9,1,0.002,25.1999,0.5628,0.9009,0.0,0.0
9,2,0.002,23.7045,0.5831,0.9075,0.0,0.0
9,3,0.002,22.4833,0.6101,0.9132,0.0,0.0
9,4,0.002,22.7165,0.5935,0.9133,0.0,0.0
9,5,0.002,23.4272,0.5728,0.9107,0.0,0.0
9,6,0.002,22.9956,0.5653,0.9122,0.0,0.0
9,7,0.002,21.9900,0.5610,0.9165,0.0,0.0
9,8,0.002,21.0098,0.5526,0.9217,0.0,0.0
9,9,0.002,21.0153,0.5541,0.9219,0.0,0.0
9,10,0.002,21.8299,0.5597,0.9178,0.0,0.0
9,11,0.002,22.5629,0.5619,0.9153,0.0,0.0
9,12,0.002,22.2106,0.5449,0.9187,0.0,0.0
9,13,0.002,21.0240,0.5513,0.9238,0.0,0.0
9,14,0.002,20.4239,0.5628,0.9255,0.0,0.0
9,15,0.002,20.8023,0.5595,0.9236,0.0,0.0
9,16,0.002,21.4560,0.5596,0.9205,0.0,0.0
9,17,0.002,20.7522,0.5722,0.9227,0.0,0.0
9,18,0.002,19.5234,0.5704,0.9281,0.0,0.0
9,19,0.002,19.4082,0.5436,0.9295,0.0,0.0
9,20,0.002,20.0713,0.5342,0.9274,0.0,0.0
9,21,0.002,19.9408,0.5412,0.9269,0.0,0.0
9,22,0.002,19.7841,0.5572,0.9268,0.0,0.0
9,23,0.002,20.1566,0.5678,0.9256,0.0,0.0
9,24,0.002,20.3794,0.5758,0.9250,0.0,0.0
9,25,0.002,19.7007,0.5865,0.9264,0.0,0.0
9,26,0.002,19.9157,0.5785,0.9251,0.0,0.0
9,27,0.002,20.9902,0.5475,0.9216,0.0,0.0
9,28,0.002,20.3465,0.5380,0.9248,0.0,0.0
9,29,0.002,19.0860,0.5557,0.9297,0.0,0.0
9,30,0.002,18.9898,0.5510,0.9305,0.0,0.0
9,31,0.002,20.0218,0.5268,0.9273,0.0,0.0
9,32,0.002,20.3092,0.5294,0.9258,0.0,0.0
9,33,0.002,19.3296,0.5596,0.9288,0.0,0.0
9,34,0.002,19.0712,0.5627,0.9303,0.0,0.0
9,35,0.002,19.6754,0.5490,0.9288,0.0,0.0
9,36,0.002,19.2958,0.5532,0.9298,0.0,0.0
9,37,0.002,19.5043,0.5573,0.9283,0.0,0.0
9,38,0.002,19.8845,0.5494,0.9264,0.0,0.0
9,39,0.002,20.0632,0.5311,0.9257,0.0,0.0
9,40,0.002,20.1639,0.5167,0.9257,0.0,0.0
9,41,0.002,19.9344,0.5206,0.9273,0.0,0.0
9,42,0.002,19.1401,0.5485,0.9301,0.0,0.0
9,43,0.002,18.4584,0.5844,0.9321,0.0,0.0
9,44,0.002,19.2529,0.5977,0.9287,0.0,0.0
9,45,0.002,20.4998,0.5847,0.9238,0.0,0.0
9,46,0.002,19.8852,0.5651,0.9265,0.0,0.0
9,47,0.002,18.9101,0.5434,0.9308,0.0,0.0
9,48,0.002,18.6280,0.5188,0.9325,0.0,0.0
9,49,0.002,19.5431,0.5060,0.9288,0.0,0.0
9,50,0.002,20.1121,0.5138,0.9258,0.0,0.0
9,51,0.002,19.9982,0.5221,0.9257,0.0,0.0
9,52,0.002,19.7035,0.5210,0.9273,0.0,0.0
9,53,0.002,19.5610,0.5238,0.9286,0.0,0.0
9,54,0.001,19.5356,0.5223,0.9288,0.0,0.0
9,55,0.001,19.5683,0.5222,0.9287,0.0,0.0
9,56,0.001,19.8723,0.5225,0.9278,0.0,0.0
9,57,0.001,20.0484,0.5217,0.9273,0.0,0.0
9,58,0.001,20.1288,0.5225,0.9271,0.0,0.0
9,59,0.001,19.8902,0.5263,0.9281,0.0,0.0
9,60,0.001,19.5966,0.5329,0.9289,0.0,0.0
9,61,0.001,19.0004,0.5418,0.9306,0.0,0.0
9,62,0.001,18.6344,0.5509,0.9313,0.0,0.0
9,63,0.001,18.6354,0.5537,0.9308,0.0,0.0
9,64,0.001,18.8888,0.5514,0.9296,0.0,0.0
9,65,0.001,19.0940,0.5466,0.9288,0.0,0.0
9,66,0.001,19.0819,0.5415,0.9290,0.0,0.0
9,67,0.0005,19.0794,0.5395,0.9292,0.0,0.0
9,68,0.0005,19.0878,0.5391,0.9294,0.0,0.0
9,69,0.0005,19.1353,0.5391,0.9294,0.0,0.0
9,70,0.0005,19.0884,0.5399,0.9299,0.0,0.0
9,71,0.0005,19.1413,0.5412,0.9299,0.0,0.0
9,72,0.0005,19.1708,0.5423,0.9299,0.0,0.0
9,73,0.0005,19.2447,0.5430,0.9297,0.0,0.0
9,74,0.0005,19.3317,0.5430,0.9294,0.0,0.0
9,75,0.0005,19.2908,0.5434,0.9296,0.0,0.0
9,76,0.0005,19.2386,0.5444,0.9297,0.0,0.0
9,77,0.0005,19.2078,0.5459,0.9296,0.0,0.0
9,78,0.0005,19.2175,0.5470,0.9292,0.0,0.0
9,79,0.00025,19.1648,0.5470,0.9293,0.0,0.0
9,80,0.00025,19.1193,0.5469,0.9293,0.0,0.0
9,81,0.00025,19.1123,0.5460,0.9293,0.0,0.0
9,82,0.00025,19.1894,0.5444,0.9289,0.0,0.0
9,83,0.00025,19.2738,0.5427,0.9285,0.0,0.0
9,84,0.00025,19.3733,0.5410,0.9281,0.0,0.0
9,85,0.00025,19.4598,0.5392,0.9278,0.0,0.0
9,86,0.00025,19.5380,0.5375,0.9275,0.0,0.0
9,87,0.00025,19.4877,0.5362,0.9277,0.0,0.0
9,88,0.00025,19.3322,0.5355,0.9283,0.0,0.0
9,89,0.00025,19.1592,0.5350,0.9290,0.0,0.0
9,90,0.00025,18.9697,0.5347,0.9298,0.0,0.0
9,91,0.00025,18.8024,0.5344,0.9304,0.0,0.0
9,92,0.00025,18.7143,0.5338,0.9308,0.0,0.0
9,93,0.00025,18.7222,0.5333,0.9308,0.0,0.0
9,94,0.00025,18.7425,0.5327,0.9307,0.0,0.0
9,95,0.00025,18.8559,0.5318,0.9302,0.0,0.0
9,96,0.00025,18.9781,0.5311,0.9297,0.0,0.0
9,97,0.00025,19.0841,0.5308,0.9293,0.0,0.0
9,98,0.00025,19.1103,0.5313,0.9291,0.0,0.0
9,99,0.00025,19.0922,0.5321,0.9291,0.0,0.0
9,100,0.00025,19.0225,0.5328,0.9293,0.0,0.0
9,101,0.00025,18.9062,0.5335,0.9297,0.0,0.0
9,102,0.000125,18.8418,0.5337,0.9300,0.0,0.0
9,103,0.000125,18.8108,0.5338,0.9301,0.0,0.0
9,104,0.000125,18.7938,0.5339,0.9302,0.0,0.0
9,105,0.000125,18.8072,0.5338,0.9303,0.0,0.0
9,106,0.000125,18.8314,0.5337,0.9302,0.0,0.0
9,107,0.000125,18.8573,0.5336,0.9301,0.0,0.0
9,108,0.000125,18.9170,0.5336,0.9299,0.0,0.0
9,109,0.000125,18.9663,0.5337,0.9298,0.0,0.0
9,110,0.000125,18.9994,0.5340,0.9297,0.0,0.0
9,111,0.000125,19.0090,0.5345,0.9297,0.0,0.0
9,112,0.000125,19.0205,0.5350,0.9296,0.0,0.0
9,113,0.000125,19.0024,0.5357,0.9297,0.0,0.0
9,114,0.0001,18.9890,0.5361,0.9298,0.0,0.0
9,115,0.0001,18.9760,0.5367,0.9298,0.0,0.0
9,116,0.0001,18.9603,0.5373,0.9299,0.0,0.0
9,117,0.0001,18.9584,0.5379,0.9299,0.0,0.0
9,118,0.0001,18.9739,0.5384,0.9298,0.0,0.0
9,119,0.0001,19.0139,0.5386,0.9297,0.0,0.0
9,120,0.0001,19.0438,0.5386,0.9296,0.0,0.0
9,121,0.0001,19.0617,0.5385,0.9295,0.0,0.0
9,122,0.0001,19.0867,0.5384,0.9294,0.0,0.0
9,123,0.0001,19.1234,0.5380,0.9293,0.0,0.0
9,124,0.0001,19.1705,0.5375,0.9292,0.0,0.0
9,125,0.0001,19.1880,0.5371,0.9291,0.0,0.0
9,126,0.0001,19.1941,0.5367,0.9291,0.0,0.0
9,127,0.0001,19.2044,0.5363,0.9291,0.0,0.0
9,128,0.0001,19.1898,0.5362,0.9292,0.0,0.0
9,129,0.0001,19.1710,0.5362,0.9292,0.0,0.0
9,130,0.0001,19.1581,0.5361,0.9293,0.0,0.0
9,131,0.0001,19.1505,0.5361,0.9293,0.0,0.0
9,132,0.0001,19.1610,0.5360,0.9293,0.0,0.0
9,133,0.0001,19.1613,0.5362,0.9293,0.0,0.0
9,134,0.0001,19.1576,0.5365,0.9293,0.0,0.0
9,135,0.0001,19.1447,0.5368,0.9293,0.0,0.0
9,136,0.0001,19.1169,0.5371,0.9294,0.0,0.0
9,137,0.0001,19.0953,0.5374,0.9295,0.0,0.0
9,138,0.0001,19.0627,0.5376,0.9296,0.0,0.0
9,139,0.0001,19.0502,0.5377,0.9297,0.0,0.0
9,140,0.0001,19.0450,0.5378,0.9297,0.0,0.0
9,141,0.0001,19.0517,0.5379,0.9297,0.0,0.0
9,142,0.0001,19.0603,0.5379,0.9297,0.0,0.0
9,143,0.0001,19.0579,0.5380,0.9297,0.0,0.0
9,144,0.0001,19.0627,0.5380,0.9297,0.0,0.0
9,145,0.0001,19.0584,0.5381,0.9297,0.0,0.0
9,146,0.0001,19.0595,0.5380,0.9298,0.0,0.0
9,147,0.0001,19.0637,0.5377,0.9298,0.0,0.0
9,148,0.0001,19.0622,0.5375,0.9298,0.0,0.0
9,149,0.0001,19.0645,0.5371,0.9299,0.0,0.0
9,150,0.0001,19.0677,0.5368,0.9299,0.0,0.0
9,151,0.0001,19.0906,0.5366,0.9298,0.0,0.0
9,152,0.0001,19.1241,0.5364,0.9297,0.0,0.0
9,153,0.0001,19.1498,0.5364,0.9296,0.0,0.0
9,154,0.0001,19.1704,0.5363,0.9295,0.0,0.0
9,155,0.0001,19.2014,0.5363,0.9294,0.0,0.0
9,156,0.0001,19.2169,0.5363,0.9293,0.0,0.0
9,157,0.0001,19.2188,0.5363,0.9293,0.0,0.0
9,158,0.0001,19.2052,0.5361,0.9294,0.0,0.0
9,159,0.0001,19.1955,0.5360,0.9294,0.0,0.0
9,160,0.0001,19.1985,0.5357,0.9294,0.0,0.0
9,161,0.0001,19.1901,0.5355,0.9294,0.0,0.0
9,162,0.0001,19.1759,0.5352,0.9295,0.0,0.0
9,163,0.0001,19.1590,0.5349,0.9295,0.0,0.0
9,164,0.0001,19.1198,0.5346,0.9296,0.0,0.0
